#----------------------------------------------------------------------------------------------------------------------------------------------------------
# Output file for vampire simulation
#   time       : 2023-03-28 06:15:35     process id : 245864
#   hostname   : compute-0-11.local
#   path       : /home/mozhu/Mn2Au/2023-03-28_18:15
#   version    : 6.0.0
#   githash    : 4c9651daecc86c3e6b6df0c8055fcd9e89fd900c
#----------------------------------------------------------------------------------------------------------------------------------------------------------
1998       	0.0230159  	0.0240714  
1996       	0.00504374 	0.0103413  
1994       	0.0146743  	0.0143268  
1992       	0.00816706 	0.00403399 
1990       	0.0144114  	0.0141899  
1988       	0.0249648  	0.0156867  
1986       	0.00703033 	0.0116101  
1984       	0.00903042 	0.00781792 
1982       	0.0121377  	0.0129282  
1980       	0.0146377  	0.0119003  
1978       	0.0220184  	0.0305073  
1976       	0.00969572 	0.0136152  
1974       	0.00929713 	0.0126555  
1972       	0.0100647  	0.0050147  
1970       	0.0217373  	0.0203489  
1968       	0.0231257  	0.0202236  
1966       	0.0146471  	0.0147081  
1964       	0.0288579  	0.0297185  
1962       	0.00627036 	0.010569   
1960       	0.0131372  	0.00686593 
1958       	0.0124506  	0.0106602  
1956       	0.0210452  	0.0187491  
1954       	0.0149617  	0.0145076  
1952       	0.0177425  	0.0102441  
1950       	0.025463   	0.0285029  
1948       	0.0152029  	0.0154395  
1946       	0.0259572  	0.0250791  
1944       	0.0187368  	0.0234822  
1942       	0.0071272  	0.00699432 
1940       	0.00538269 	0.00810222 
1938       	0.00840973 	0.00927424 
1936       	0.0185624  	0.0192935  
1934       	0.0136137  	0.0146242  
1932       	0.0220029  	0.0165268  
1930       	0.0159885  	0.0120384  
1928       	0.0120786  	0.00954153 
1926       	0.0199142  	0.0141758  
1924       	0.00880624 	0.00687699 
1922       	0.0181276  	0.017767   
1920       	0.0113564  	0.00908588 
1918       	0.00790695 	0.00980717 
1916       	0.0159206  	0.0123662  
1914       	0.0162431  	0.0113535  
1912       	0.0210641  	0.0152747  
1910       	0.0156662  	0.0137984  
1908       	0.0102846  	0.0071089  
1906       	0.028744   	0.0235012  
1904       	0.0133239  	0.00786343 
1902       	0.0153055  	0.0249827  
1900       	0.0153564  	0.0213968  
1898       	0.00767228 	0.00300703 
1896       	0.0138561  	0.0181294  
1894       	0.0147535  	0.0127963  
1892       	0.0161664  	0.0102949  
1890       	0.00319214 	0.00143694 
1888       	0.00957036 	0.0123413  
1886       	0.0149331  	0.017142   
1884       	0.0157338  	0.018009   
1882       	0.0165423  	0.0127132  
1880       	0.0145823  	0.00636271 
1878       	0.00374539 	0.00759171 
1876       	0.015923   	0.0214477  
1874       	0.0152311  	0.00921837 
1872       	0.0167168  	0.0129193  
1870       	0.0112495  	0.0103239  
1868       	0.019541   	0.013202   
1866       	0.0236935  	0.018307   
1864       	0.0155607  	0.01733    
1862       	0.0209286  	0.0144436  
1860       	0.0308978  	0.0291335  
1858       	0.00209398 	0.0100986  
1856       	0.0161677  	0.0125318  
1854       	0.0121974  	0.0210601  
1852       	0.0151645  	0.0168344  
1850       	0.00631221 	0.0150388  
1848       	0.011491   	0.00670356 
1846       	0.0182641  	0.0221232  
1844       	0.0115234  	0.0184538  
1842       	0.00833466 	0.00560622 
1840       	0.0275637  	0.0176636  
1838       	0.0180743  	0.0142096  
1836       	0.00896776 	0.0210293  
1834       	0.017064   	0.0125098  
1832       	0.00505042 	0.00524157 
1830       	0.0165004  	0.0107856  
1828       	0.0175455  	0.0180428  
1826       	0.0206454  	0.0248204  
1824       	0.00701453 	0.00278894 
1822       	0.0158276  	0.0158117  
1820       	0.0112336  	0.0153813  
1818       	0.0173344  	0.0188469  
1816       	0.00519647 	0.0114419  
1814       	0.0127847  	0.0112616  
1812       	0.015909   	0.0141596  
1810       	0.00959977 	0.0131437  
1808       	0.012944   	0.0165175  
1806       	0.00433457 	0.00376086 
1804       	0.00639058 	0.0099128  
1802       	0.0181831  	0.0184249  
1800       	0.0203439  	0.0183984  
1798       	0.0182843  	0.0205163  
1796       	0.0089832  	0.00487383 
1794       	0.0162358  	0.0247439  
1792       	0.00553355 	0.00594632 
1790       	0.0197904  	0.00775893 
1788       	0.0121394  	0.0142001  
1786       	0.0184387  	0.0178143  
1784       	0.0223428  	0.0190454  
1782       	0.0231231  	0.0229194  
1780       	0.0129934  	0.0166125  
1778       	0.0167213  	0.0162368  
1776       	0.0205585  	0.0166182  
1774       	0.0174627  	0.018164   
1772       	0.0107891  	0.0129255  
1770       	0.0240409  	0.016188   
1768       	0.00925226 	0.0183262  
1766       	0.00977457 	0.0172091  
1764       	0.0211085  	0.0188048  
1762       	0.0147096  	0.0100442  
1760       	0.0122013  	0.0128734  
1758       	0.0104234  	0.0172411  
1756       	0.0100416  	0.00417229 
1754       	0.0210999  	0.0180468  
1752       	0.0153901  	0.0190719  
1750       	0.0189113  	0.0138894  
1748       	0.0256867  	0.0303335  
1746       	0.0144661  	0.0072989  
1744       	0.0207071  	0.0159182  
1742       	0.0187416  	0.0216669  
1740       	0.0220336  	0.0214856  
1738       	0.0311554  	0.0369603  
1736       	0.0137541  	0.00355713 
1734       	0.0283174  	0.0254948  
1732       	0.0282504  	0.0186112  
1730       	0.0213237  	0.0180054  
1728       	0.0185287  	0.00944916 
1726       	0.0110008  	0.00780561 
1724       	0.0156658  	0.0143272  
1722       	0.0149528  	0.012341   
1720       	0.00682057 	0.0156946  
1718       	0.0203085  	0.022139   
1716       	0.0123543  	0.0142042  
1714       	0.0276083  	0.0191892  
1712       	0.00942757 	0.0123972  
1710       	0.0163268  	0.0127211  
1708       	0.0142455  	0.0106683  
1706       	0.0115806  	0.0147439  
1704       	0.017973   	0.0209404  
1702       	0.0183789  	0.0206373  
1700       	0.0190628  	0.0142431  
1698       	0.0107984  	0.0128765  
1696       	0.0322967  	0.0279148  
1694       	0.0166287  	0.0174422  
1692       	0.0225387  	0.0245868  
1690       	0.0110934  	0.0131509  
1688       	0.0118593  	0.0131039  
1686       	0.0148588  	0.00728693 
1684       	0.0250165  	0.020504   
1682       	0.0148657  	0.0169912  
1680       	0.0102611  	0.0098521  
1678       	0.0349414  	0.0237215  
1676       	0.0238083  	0.0198239  
1674       	0.00983828 	0.00711373 
1672       	0.0178969  	0.0133784  
1670       	0.0142024  	0.00465862 
1668       	0.0186682  	0.0189171  
1666       	0.00874803 	0.00944585 
1664       	0.00841037 	0.018918   
1662       	0.0116337  	0.0099242  
1660       	0.0174518  	0.0132737  
1658       	0.0143153  	0.0174731  
1656       	0.0137988  	0.0135877  
1654       	0.0192308  	0.0206233  
1652       	0.0127343  	0.0171999  
1650       	0.0257904  	0.0246849  
1648       	0.0252632  	0.0247632  
1646       	0.0101545  	0.00630808 
1644       	0.022233   	0.0175991  
1642       	0.0199407  	0.0216159  
1640       	0.00944117 	0.0102076  
1638       	0.0337552  	0.0275472  
1636       	0.013234   	0.00319744 
1634       	0.023715   	0.0253414  
1632       	0.0193507  	0.00896495 
1630       	0.0125043  	0.0089891  
1628       	0.0265431  	0.0299536  
1626       	0.0224296  	0.0218885  
1624       	0.0161367  	0.0189755  
1622       	0.0238925  	0.0281729  
1620       	0.0159399  	0.0108933  
1618       	0.0134841  	0.0134411  
1616       	0.0385052  	0.0384978  
1614       	0.0247006  	0.0189828  
1612       	0.0185877  	0.0180367  
1610       	0.018924   	0.0203619  
1608       	0.017962   	0.0136093  
1606       	0.0103666  	0.010216   
1604       	0.0182055  	0.0176148  
1602       	0.0172589  	0.0227248  
1600       	0.0111226  	0.0053948  
1598       	0.0104218  	0.00605969 
1596       	0.0262892  	0.0291857  
1594       	0.0252071  	0.021739   
1592       	0.0248909  	0.0196955  
1590       	0.0247273  	0.0211604  
1588       	0.0328966  	0.0280984  
1586       	0.0201936  	0.0239157  
1584       	0.015669   	0.0181019  
1582       	0.0108378  	0.0136176  
1580       	0.00692438 	0.00552124 
1578       	0.0178258  	0.0131694  
1576       	0.0350829  	0.0308248  
1574       	0.0386456  	0.0303909  
1572       	0.0126517  	0.00576257 
1570       	0.0224908  	0.0243704  
1568       	0.0258302  	0.015941   
1566       	0.0383266  	0.0328493  
1564       	0.00870193 	0.00562908 
1562       	0.0164214  	0.0144982  
1560       	0.018906   	0.01439    
1558       	0.0285463  	0.0270746  
1556       	0.0250206  	0.0294137  
1554       	0.0149087  	0.00946268 
1552       	0.0332827  	0.0315886  
1550       	0.0111362  	0.0107322  
1548       	0.0244966  	0.0179247  
1546       	0.0190986  	0.0204212  
1544       	0.018869   	0.0154376  
1542       	0.0230417  	0.0214319  
1540       	0.00940751 	0.0115545  
1538       	0.0202167  	0.0234231  
1536       	0.0322076  	0.0270349  
1534       	0.0157145  	0.0110538  
1532       	0.0322931  	0.0286374  
1530       	0.0216001  	0.0193999  
1528       	0.0099629  	0.00971949 
1526       	0.0156139  	0.0168695  
1524       	0.023885   	0.0228563  
1522       	0.0209745  	0.0228065  
1520       	0.0382058  	0.0383363  
1518       	0.0167089  	0.0205517  
1516       	0.0213491  	0.019302   
1514       	0.0215088  	0.0226343  
1512       	0.0175223  	0.0160998  
1510       	0.0275405  	0.0301525  
1508       	0.0269109  	0.0272646  
1506       	0.023789   	0.0235352  
1504       	0.0168243  	0.0222616  
1502       	0.0168583  	0.015171   
1500       	0.0231274  	0.0219878  
1498       	0.00291484 	0.0132135  
1496       	0.0241789  	0.0202844  
1494       	0.017978   	0.0195075  
1492       	0.0155051  	0.0194387  
1490       	0.00397313 	0.00304424 
1488       	0.0226519  	0.0154006  
1486       	0.0225966  	0.0245421  
1484       	0.0220386  	0.024195   
1482       	0.0263064  	0.0180413  
1480       	0.0212591  	0.014742   
1478       	0.00660108 	0.0153378  
1476       	0.00541769 	0.0180842  
1474       	0.0180846  	0.0184058  
1472       	0.0392419  	0.0287022  
1470       	0.0389268  	0.0353817  
1468       	0.0143776  	0.0183644  
1466       	0.0225578  	0.0194896  
1464       	0.0276773  	0.019441   
1462       	0.00386518 	0.0100493  
1460       	0.00237175 	0.00894315 
1458       	0.0153459  	0.00670564 
1456       	0.0344984  	0.025947   
1454       	0.013687   	0.0161087  
1452       	0.0223045  	0.0139136  
1450       	0.0181316  	0.0174036  
1448       	0.0146885  	0.00963918 
1446       	0.00856122 	0.00909132 
1444       	0.0172398  	0.0128287  
1442       	0.0168705  	0.0174903  
1440       	0.037019   	0.03165    
1438       	0.00846429 	0.0084015  
1436       	0.0265418  	0.0301801  
1434       	0.0422586  	0.0361233  
1432       	0.0179612  	0.0164996  
1430       	0.0181094  	0.0195853  
1428       	0.0142598  	0.0132748  
1426       	0.0370381  	0.0307592  
1424       	0.0405858  	0.0371391  
1422       	0.0188196  	0.0134737  
1420       	0.0234178  	0.0218199  
1418       	0.0194417  	0.0217553  
1416       	0.0236667  	0.019147   
1414       	0.046357   	0.045027   
1412       	0.0500046  	0.0536873  
1410       	0.0337027  	0.0378108  
1408       	0.0247063  	0.0278379  
1406       	0.0213315  	0.0189208  
1404       	0.0243519  	0.0199318  
1402       	0.0240148  	0.034224   
1400       	0.017844   	0.0132214  
1398       	0.0218384  	0.021485   
1396       	0.00912565 	0.0170872  
1394       	0.0311234  	0.0273067  
1392       	0.0462572  	0.0424098  
1390       	0.0306234  	0.0218705  
1388       	0.00743929 	0.00101548 
1386       	0.00138114 	0.00796382 
1384       	0.0184161  	0.0207239  
1382       	0.0222642  	0.0114347  
1380       	0.0215604  	0.0162232  
1378       	0.0237818  	0.0217649  
1376       	0.0564053  	0.0366294  
1374       	0.0243397  	0.0253257  
1372       	0.0352153  	0.030213   
1370       	0.0313878  	0.0286979  
1368       	0.0233369  	0.0240063  
1366       	0.0360568  	0.032747   
1364       	0.0187305  	0.0159115  
1362       	0.0310531  	0.0338969  
1360       	0.0167153  	0.0166434  
1358       	0.0174132  	0.0254992  
1356       	0.00677695 	0.0142693  
1354       	0.0322322  	0.035254   
1352       	0.0292351  	0.0264658  
1350       	0.0193202  	0.0234801  
1348       	0.0101179  	0.013202   
1346       	0.0154418  	0.0143273  
1344       	0.0160298  	0.0128034  
1342       	0.0230087  	0.0204509  
1340       	0.0354093  	0.0371011  
1338       	0.0288463  	0.0164758  
1336       	0.019893   	0.0224135  
1334       	0.00744789 	0.015618   
1332       	0.0310642  	0.0221537  
1330       	0.0290847  	0.0279804  
1328       	0.0336945  	0.0342807  
1326       	0.0272083  	0.0244758  
1324       	0.0185264  	0.0183297  
1322       	0.0416167  	0.0365737  
1320       	0.0120121  	0.00847061 
1318       	0.0225952  	0.0203649  
1316       	0.018103   	0.0175347  
1314       	0.0341976  	0.0307122  
1312       	0.0255212  	0.0204934  
1310       	0.0276756  	0.0218068  
1308       	0.0348822  	0.0291955  
1306       	0.0485233  	0.0464724  
1304       	0.0223945  	0.0218822  
1302       	0.0114543  	0.0151019  
1300       	0.0201135  	0.0163571  
1298       	0.0124417  	0.00973758 
1296       	0.0352113  	0.0361771  
1294       	0.0215159  	0.0235486  
1292       	0.025159   	0.0299787  
1290       	0.0482077  	0.0410966  
1288       	0.0351241  	0.0376087  
1286       	0.0557165  	0.0467162  
1284       	0.0347292  	0.03187    
1282       	0.0233613  	0.0300678  
1280       	0.0160183  	0.02059    
1278       	0.0335015  	0.0319746  
1276       	0.038734   	0.0394568  
1274       	0.0455207  	0.0439355  
1272       	0.0567313  	0.0491979  
1270       	0.0566348  	0.0587808  
1268       	0.0208569  	0.0229909  
1266       	0.0351047  	0.033637   
1264       	0.0160238  	0.0102311  
1262       	0.0408874  	0.0336378  
1260       	0.0274522  	0.025648   
1258       	0.0173627  	0.0231862  
1256       	0.022234   	0.0216608  
1254       	0.0280368  	0.0257827  
1252       	0.0206393  	0.0151519  
1250       	0.0312256  	0.0245108  
1248       	0.0323601  	0.0289657  
1246       	0.0203422  	0.0206222  
1244       	0.054568   	0.0525023  
1242       	0.0499673  	0.0434282  
1240       	0.0364846  	0.0372502  
1238       	0.0385585  	0.032619   
1236       	0.0130669  	0.00836647 
1234       	0.0196325  	0.0175141  
1232       	0.0202116  	0.0192559  
1230       	0.0442617  	0.0331663  
1228       	0.0486412  	0.045677   
1226       	0.0279856  	0.031952   
1224       	0.0339281  	0.0340291  
1222       	0.0525388  	0.054696   
1220       	0.0373791  	0.0313317  
1218       	0.0173196  	0.00958165 
1216       	0.0266215  	0.0314366  
1214       	0.0118982  	0.0165319  
1212       	0.0129032  	0.00960579 
1210       	0.0307553  	0.0278272  
1208       	0.0104633  	0.0188666  
1206       	0.019807   	0.0195176  
1204       	0.0278364  	0.0252906  
1202       	0.0710211  	0.0586722  
1200       	0.0409208  	0.0360014  
1198       	0.0499828  	0.0429612  
1196       	0.0355462  	0.0349585  
1194       	0.0587987  	0.057253   
1192       	0.0224116  	0.01966    
1190       	0.0184876  	0.0138117  
1188       	0.0369008  	0.039426   
1186       	0.0645683  	0.0608971  
1184       	0.0290889  	0.0288333  
1182       	0.0431591  	0.031719   
1180       	0.0168192  	0.0254644  
1178       	0.0231902  	0.0166019  
1176       	0.0259102  	0.0280018  
1174       	0.0432446  	0.0375449  
1172       	0.0421981  	0.0433538  
1170       	0.0303624  	0.0272634  
1168       	0.0147033  	0.016215   
1166       	0.0515026  	0.0408039  
1164       	0.0416138  	0.0371106  
1162       	0.0384712  	0.0302426  
1160       	0.0334606  	0.032853   
1158       	0.0310176  	0.0326651  
1156       	0.0295676  	0.0243397  
1154       	0.0312437  	0.0330698  
1152       	0.0319846  	0.0229806  
1150       	0.045388   	0.0466041  
1148       	0.0350976  	0.0298357  
1146       	0.0487947  	0.0448107  
1144       	0.0516607  	0.0532812  
1142       	0.0649881  	0.0591922  
1140       	0.0658463  	0.0572539  
1138       	0.0618997  	0.0541477  
1136       	0.0422527  	0.0337725  
1134       	0.0230189  	0.0178489  
1132       	0.0497334  	0.0482586  
1130       	0.0348371  	0.027708   
1128       	0.0406214  	0.0356363  
1126       	0.0585419  	0.0510624  
1124       	0.0405919  	0.0361069  
1122       	0.0330278  	0.0344545  
1120       	0.0331554  	0.0350384  
1118       	0.0588985  	0.0546967  
1116       	0.0503904  	0.049519   
1114       	0.0361249  	0.0350904  
1112       	0.0258647  	0.025131   
1110       	0.0256588  	0.0276068  
1108       	0.0489675  	0.0549859  
1106       	0.0249109  	0.025632   
1104       	0.0335422  	0.0306228  
1102       	0.0476452  	0.0442398  
1100       	0.0521363  	0.0498678  
1098       	0.049359   	0.0433076  
1096       	0.051025   	0.0464978  
1094       	0.0381105  	0.0418925  
1092       	0.0124995  	0.0140125  
1090       	0.00810789 	0.0068477  
1088       	0.0389879  	0.032641   
1086       	0.0286289  	0.0276264  
1084       	0.0025955  	0.00553035 
1082       	0.0455337  	0.0400879  
1080       	0.074747   	0.0677702  
1078       	0.0361071  	0.0304152  
1076       	0.0236858  	0.0198324  
1074       	0.0321189  	0.0258442  
1072       	0.0404258  	0.0357925  
1070       	0.0674431  	0.0654374  
1068       	0.0721439  	0.0661083  
1066       	0.0406199  	0.0411807  
1064       	0.0539169  	0.0540364  
1062       	0.0500279  	0.0449897  
1060       	0.0411481  	0.0385898  
1058       	0.0418473  	0.032908   
1056       	0.0519543  	0.0468886  
1054       	0.0581805  	0.0581702  
1052       	0.0463161  	0.0396782  
1050       	0.0652871  	0.0588254  
1048       	0.0639055  	0.0605824  
1046       	0.0800028  	0.074035   
1044       	0.0497023  	0.0487751  
1042       	0.0743965  	0.0743543  
1040       	0.0786112  	0.0709519  
1038       	0.0759857  	0.0715526  
1036       	0.0825747  	0.0766782  
1034       	0.0472959  	0.043162   
1032       	0.0489095  	0.0496667  
1030       	0.0350114  	0.0345803  
1028       	0.0441144  	0.0389316  
1026       	0.0497722  	0.04368    
1024       	0.0285827  	0.028582   
1022       	0.0399645  	0.0378433  
1020       	0.0374594  	0.0350732  
1018       	0.0376636  	0.0288981  
1016       	0.038808   	0.0273435  
1014       	0.065963   	0.0591627  
1012       	0.0783395  	0.0723906  
1010       	0.0798431  	0.0711014  
1008       	0.0893692  	0.0813192  
1006       	0.103363   	0.0932579  
1004       	0.126126   	0.116708   
1002       	0.092488   	0.0890779  
1000       	0.0847175  	0.0839671  
998.002    	0.0908913  	0.0796533  
996.002    	0.0706402  	0.0674734  
994.002    	0.069682   	0.0704199  
992.002    	0.0620838  	0.0531309  
990.002    	0.0706518  	0.0680206  
988.002    	0.0763873  	0.0710322  
986.002    	0.0878474  	0.0782547  
984.002    	0.109695   	0.104115   
982.002    	0.114424   	0.104904   
980.002    	0.0981857  	0.0852181  
978.002    	0.104904   	0.100083   
976.002    	0.10478    	0.0985984  
974.002    	0.0809755  	0.0695618  
972.002    	0.0712236  	0.0689757  
970.002    	0.118175   	0.10181    
968.002    	0.111537   	0.0973755  
966.002    	0.0963712  	0.0891255  
964.002    	0.0827881  	0.0813036  
962.002    	0.0893229  	0.0905603  
960.002    	0.103248   	0.097054   
958.002    	0.0877355  	0.0872923  
956.002    	0.101086   	0.0892671  
954.002    	0.0850853  	0.0782447  
952.002    	0.0589258  	0.0510928  
950.002    	0.0913806  	0.0873993  
948.002    	0.1072     	0.102429   
946.002    	0.111763   	0.101292   
944.002    	0.0920517  	0.0885491  
942.002    	0.0827028  	0.0779828  
940.002    	0.0758982  	0.0738887  
938.002    	0.084528   	0.0774286  
936.002    	0.0776821  	0.0681077  
934.002    	0.102734   	0.0973429  
932.002    	0.0984424  	0.0921875  
930.002    	0.105865   	0.103633   
928.002    	0.0905246  	0.083681   
926.002    	0.118053   	0.109071   
924.002    	0.107824   	0.0971718  
922.002    	0.114921   	0.103492   
920.002    	0.106387   	0.0918788  
918.002    	0.116893   	0.10328    
916.002    	0.13516    	0.122251   
914.002    	0.124227   	0.1108     
912.002    	0.154349   	0.139432   
910.002    	0.123811   	0.110621   
908.002    	0.120551   	0.117268   
906.002    	0.120346   	0.104881   
904.002    	0.108819   	0.0944726  
902.002    	0.119734   	0.109095   
900.002    	0.0945227  	0.0860992  
898.002    	0.0729354  	0.0631199  
896.002    	0.0785741  	0.0717247  
894.002    	0.0709569  	0.065149   
892.002    	0.0782879  	0.0727809  
890.002    	0.0929487  	0.0870869  
888.002    	0.120941   	0.111337   
886.002    	0.159657   	0.145232   
884.002    	0.160844   	0.150769   
882.002    	0.164601   	0.153491   
880.002    	0.180468   	0.167797   
878.002    	0.188903   	0.177667   
876.002    	0.165273   	0.154883   
874.002    	0.171676   	0.160429   
872.002    	0.163156   	0.155572   
870.002    	0.175599   	0.167118   
868.002    	0.164149   	0.151283   
866.002    	0.140874   	0.12587    
864.002    	0.141439   	0.136092   
862.002    	0.134563   	0.121959   
860.002    	0.120513   	0.118216   
858.002    	0.135485   	0.129576   
856.002    	0.13689    	0.12936    
854.002    	0.146719   	0.138737   
852.002    	0.136859   	0.126927   
850.002    	0.148397   	0.137709   
848.002    	0.151246   	0.141744   
846.002    	0.128633   	0.119984   
844.002    	0.129746   	0.119213   
842.002    	0.139147   	0.125758   
840.002    	0.105348   	0.101225   
838.002    	0.109108   	0.109341   
836.002    	0.13866    	0.132292   
834.002    	0.147262   	0.13524    
832.002    	0.15653    	0.13955    
830.002    	0.156932   	0.143224   
828.002    	0.151167   	0.140388   
826.002    	0.144137   	0.131905   
824.002    	0.140321   	0.124262   
822.002    	0.126914   	0.114949   
820.002    	0.11629    	0.110689   
818.002    	0.129536   	0.114405   
816.002    	0.140868   	0.124021   
814.002    	0.128654   	0.120978   
812.002    	0.14217    	0.129929   
810.002    	0.169005   	0.152572   
808.002    	0.166682   	0.153129   
806.002    	0.193386   	0.176521   
804.002    	0.194356   	0.180839   
802.002    	0.197362   	0.183985   
800.002    	0.184958   	0.175056   
798.002    	0.1627     	0.149366   
796.002    	0.152365   	0.141222   
794.002    	0.173549   	0.162477   
792.002    	0.166873   	0.155648   
790.002    	0.164697   	0.159583   
788.002    	0.154225   	0.136634   
786.002    	0.152564   	0.138726   
784.002    	0.157933   	0.144278   
782.002    	0.134194   	0.122199   
780.002    	0.162979   	0.150213   
778.002    	0.131498   	0.128145   
776.002    	0.12182    	0.118393   
774.002    	0.121774   	0.103219   
772.002    	0.130587   	0.12453    
770.002    	0.158143   	0.156164   
768.002    	0.174137   	0.161236   
766.002    	0.17277    	0.156605   
764.002    	0.172109   	0.156754   
762.002    	0.168664   	0.155288   
760.002    	0.20151    	0.185698   
758.002    	0.191492   	0.177101   
756.002    	0.194587   	0.180354   
754.002    	0.190627   	0.179785   
752.002    	0.173292   	0.155828   
750.002    	0.165563   	0.152353   
748.002    	0.158259   	0.146128   
746.002    	0.172026   	0.154638   
744.002    	0.181361   	0.165384   
742.002    	0.153467   	0.147562   
740.002    	0.129475   	0.118328   
738.002    	0.108165   	0.102279   
736.002    	0.131993   	0.121646   
734.002    	0.1431     	0.129557   
732.002    	0.150937   	0.139965   
730.002    	0.163861   	0.156283   
728.002    	0.182911   	0.16924    
726.002    	0.179896   	0.166283   
724.002    	0.181204   	0.169893   
722.002    	0.144782   	0.133665   
720.002    	0.118055   	0.110379   
718.002    	0.125124   	0.113408   
716.002    	0.135553   	0.123266   
714.002    	0.145252   	0.134301   
712.002    	0.151535   	0.136515   
710.002    	0.189922   	0.177117   
708.002    	0.21799    	0.198628   
706.002    	0.206422   	0.185488   
704.002    	0.184293   	0.168316   
702.002    	0.168391   	0.15107    
700.002    	0.158314   	0.147834   
698.002    	0.152843   	0.144914   
696.002    	0.147672   	0.140588   
694.002    	0.137053   	0.131471   
692.002    	0.111638   	0.107477   
690.002    	0.137206   	0.126888   
688.002    	0.139656   	0.132985   
686.002    	0.145621   	0.135468   
684.002    	0.178728   	0.168599   
682.002    	0.173044   	0.166258   
680.002    	0.173509   	0.160919   
678.002    	0.179986   	0.16682    
676.002    	0.207435   	0.192868   
674.002    	0.206572   	0.193482   
672.002    	0.204105   	0.18533    
670.002    	0.197318   	0.181254   
668.002    	0.195279   	0.184356   
666.002    	0.217025   	0.202708   
664.002    	0.247935   	0.23031    
662.002    	0.264435   	0.248786   
660.002    	0.215379   	0.19888    
658.002    	0.234865   	0.213397   
656.002    	0.226238   	0.210802   
654.002    	0.231986   	0.217271   
652.002    	0.224734   	0.208963   
650.002    	0.231103   	0.209181   
648.002    	0.239963   	0.22308    
646.002    	0.254399   	0.241817   
644.002    	0.248773   	0.23977    
642.002    	0.254606   	0.239496   
640.002    	0.221826   	0.212466   
638.002    	0.238847   	0.218515   
636.002    	0.248499   	0.235903   
634.002    	0.280849   	0.256922   
632.002    	0.264973   	0.246958   
630.002    	0.275207   	0.254023   
628.002    	0.276747   	0.251346   
626.002    	0.273951   	0.256079   
624.002    	0.284956   	0.264243   
622.002    	0.262965   	0.239616   
620.002    	0.261509   	0.248207   
618.002    	0.288339   	0.266585   
616.002    	0.312699   	0.294019   
614.002    	0.289914   	0.275937   
612.002    	0.289666   	0.270315   
610.002    	0.283196   	0.26689    
608.002    	0.302746   	0.276327   
606.002    	0.293398   	0.275838   
604.002    	0.268712   	0.251505   
602.002    	0.257051   	0.243055   
600.002    	0.270633   	0.248985   
598.002    	0.243455   	0.221112   
596.002    	0.225606   	0.208906   
594.002    	0.244543   	0.227645   
592.002    	0.259628   	0.242606   
590.002    	0.240466   	0.229636   
588.002    	0.228955   	0.214751   
586.002    	0.200715   	0.188885   
584.002    	0.220099   	0.205966   
582.002    	0.223037   	0.204157   
580.002    	0.25826    	0.234886   
578.002    	0.235483   	0.21905    
576.002    	0.217686   	0.200371   
574.002    	0.207733   	0.189263   
572.002    	0.197184   	0.181296   
570.002    	0.223752   	0.204647   
568.002    	0.250296   	0.231473   
566.002    	0.236066   	0.216023   
564.002    	0.195962   	0.182187   
562.002    	0.219661   	0.198628   
560.002    	0.214493   	0.200528   
558.002    	0.21255    	0.19839    
556.002    	0.234129   	0.217866   
554.002    	0.206274   	0.190264   
552.002    	0.216462   	0.195625   
550.002    	0.222919   	0.207246   
548.002    	0.231782   	0.218546   
546.002    	0.238671   	0.21913    
544.002    	0.240022   	0.225078   
542.002    	0.238112   	0.217774   
540.002    	0.248606   	0.228317   
538.002    	0.253457   	0.233278   
536.002    	0.253473   	0.23651    
534.002    	0.247625   	0.229654   
532.002    	0.24908    	0.231631   
530.002    	0.270792   	0.253251   
528.002    	0.281523   	0.26108    
526.002    	0.270448   	0.250009   
524.002    	0.273596   	0.248987   
522.002    	0.278666   	0.257722   
520.002    	0.302634   	0.278843   
518.002    	0.30703    	0.285724   
516.002    	0.315194   	0.299068   
514.002    	0.323744   	0.305034   
512.002    	0.330847   	0.311649   
510.002    	0.325203   	0.302327   
508.002    	0.318628   	0.299706   
506.002    	0.31503    	0.298982   
504.002    	0.308852   	0.289988   
502.002    	0.321169   	0.299487   
500.002    	0.331711   	0.314739   
498.002    	0.329846   	0.310155   
496.002    	0.304918   	0.285208   
494.002    	0.311849   	0.296894   
492.002    	0.307098   	0.286559   
490.002    	0.324477   	0.300403   
488.002    	0.323533   	0.307121   
486.002    	0.358953   	0.333069   
484.002    	0.344922   	0.327204   
482.002    	0.335858   	0.315686   
480.002    	0.349282   	0.32629    
478.002    	0.344879   	0.319559   
476.002    	0.339676   	0.325306   
474.002    	0.329632   	0.313217   
472.002    	0.341537   	0.320573   
470.002    	0.346681   	0.323024   
468.002    	0.364462   	0.337261   
466.002    	0.357747   	0.33113    
464.002    	0.355312   	0.335136   
462.002    	0.364456   	0.33772    
460.002    	0.351161   	0.326641   
458.002    	0.369208   	0.340088   
456.002    	0.366098   	0.344203   
454.002    	0.367319   	0.33802    
452.002    	0.346098   	0.322518   
450.002    	0.351799   	0.33111    
448.002    	0.369944   	0.341088   
446.002    	0.349716   	0.323928   
444.002    	0.341458   	0.313952   
442.002    	0.338992   	0.316498   
440.002    	0.361086   	0.334755   
438.002    	0.345719   	0.317958   
436.002    	0.352252   	0.330793   
434.002    	0.357405   	0.331545   
432.002    	0.345407   	0.319315   
430.002    	0.378952   	0.348127   
428.002    	0.380349   	0.354724   
426.002    	0.367397   	0.336007   
424.002    	0.349564   	0.321527   
422.002    	0.359896   	0.33513    
420.002    	0.372083   	0.342678   
418.002    	0.371549   	0.34746    
416.002    	0.359973   	0.332236   
414.002    	0.362462   	0.330316   
412.002    	0.381377   	0.350737   
410.002    	0.357997   	0.330083   
408.002    	0.35592    	0.331704   
406.002    	0.348688   	0.327505   
404.002    	0.339483   	0.318032   
402.002    	0.362852   	0.343261   
400.002    	0.359881   	0.339122   
398.002    	0.352283   	0.326404   
396.002    	0.379526   	0.354676   
394.002    	0.373319   	0.349731   
392.002    	0.396467   	0.37008    
390.002    	0.383063   	0.357887   
388.002    	0.386532   	0.35905    
386.002    	0.395147   	0.364494   
384.002    	0.384432   	0.358526   
382.002    	0.404645   	0.374229   
380.002    	0.382336   	0.352767   
378.002    	0.382489   	0.355058   
376.002    	0.381043   	0.351554   
374.002    	0.369692   	0.345807   
372.002    	0.34665    	0.322741   
370.002    	0.326601   	0.306042   
368.002    	0.318253   	0.29503    
366.002    	0.311813   	0.289036   
364.002    	0.32669    	0.305113   
362.002    	0.336023   	0.310294   
360.002    	0.336081   	0.313253   
358.002    	0.329709   	0.305525   
356.002    	0.322033   	0.301939   
354.002    	0.333359   	0.309201   
352.002    	0.306579   	0.284636   
350.002    	0.287538   	0.269319   
348.002    	0.287918   	0.266867   
346.002    	0.291674   	0.270838   
344.002    	0.295215   	0.273735   
342.002    	0.281148   	0.264146   
340.002    	0.292294   	0.274739   
338.002    	0.312945   	0.289784   
336.002    	0.311294   	0.289692   
334.002    	0.322163   	0.302773   
332.002    	0.325534   	0.303352   
330.002    	0.332396   	0.309483   
328.002    	0.34125    	0.314669   
326.002    	0.33248    	0.312237   
324.002    	0.340721   	0.31629    
322.002    	0.348952   	0.326122   
320.002    	0.344524   	0.32248    
318.002    	0.355242   	0.332862   
316.002    	0.364113   	0.339152   
314.002    	0.374293   	0.348314   
312.002    	0.371918   	0.343322   
310.002    	0.378703   	0.352142   
308.002    	0.368689   	0.342901   
306.002    	0.373791   	0.346945   
304.002    	0.358165   	0.329669   
302.002    	0.345592   	0.32217    
300.002    	0.346903   	0.322807   
298.002    	0.352275   	0.329163   
296.002    	0.345666   	0.32418    
294.002    	0.331686   	0.308744   
292.002    	0.336322   	0.313856   
290.002    	0.340715   	0.319934   
288.002    	0.338014   	0.314746   
286.002    	0.347882   	0.320523   
284.002    	0.348704   	0.325486   
282.002    	0.361099   	0.334602   
280.002    	0.366403   	0.342585   
278.002    	0.382059   	0.349491   
276.002    	0.35794    	0.335225   
274.002    	0.346065   	0.319848   
272.002    	0.345131   	0.322573   
270.002    	0.355666   	0.330554   
268.002    	0.367611   	0.342168   
266.002    	0.378925   	0.35622    
264.002    	0.384182   	0.352971   
262.002    	0.407643   	0.379439   
260.002    	0.399713   	0.371789   
258.002    	0.424195   	0.394909   
256.002    	0.420828   	0.391644   
254.002    	0.422499   	0.397931   
252.002    	0.435745   	0.40566    
250.002    	0.421952   	0.391895   
248.002    	0.432954   	0.402223   
246.002    	0.428916   	0.398131   
244.002    	0.431656   	0.398006   
242.002    	0.441368   	0.407929   
240.002    	0.409941   	0.379877   
238.002    	0.427888   	0.396323   
236.002    	0.430522   	0.402164   
234.002    	0.42633    	0.394241   
232.002    	0.42746    	0.39475    
230.002    	0.450252   	0.417119   
228.002    	0.455816   	0.416301   
226.002    	0.446267   	0.412115   
224.002    	0.455696   	0.423638   
222.002    	0.460825   	0.42685    
220.002    	0.453729   	0.419017   
218.002    	0.460134   	0.423625   
216.002    	0.459568   	0.429667   
214.002    	0.46782    	0.431846   
212.002    	0.469688   	0.433721   
210.002    	0.476459   	0.436867   
208.002    	0.472129   	0.438364   
206.002    	0.458879   	0.430419   
204.002    	0.477989   	0.443202   
202.002    	0.474698   	0.445257   
200.002    	0.482854   	0.448484   
198.002    	0.474797   	0.441279   
196.002    	0.480694   	0.446905   
194.002    	0.475215   	0.441849   
192.002    	0.474562   	0.437895   
190.002    	0.454878   	0.423693   
188.002    	0.459006   	0.428865   
186.002    	0.463518   	0.431752   
184.002    	0.463377   	0.42794    
182.002    	0.466037   	0.430687   
180.002    	0.468514   	0.433599   
178.002    	0.462298   	0.432897   
176.002    	0.459447   	0.426712   
174.002    	0.467149   	0.433529   
172.002    	0.465022   	0.432836   
170.002    	0.4664     	0.433624   
168.002    	0.476767   	0.438796   
166.002    	0.488306   	0.452255   
164.002    	0.490862   	0.457391   
162.002    	0.494187   	0.459018   
160.002    	0.482268   	0.44877    
158.002    	0.486699   	0.449867   
156.002    	0.496979   	0.464711   
154.002    	0.494964   	0.45875    
152.002    	0.496079   	0.454191   
150.002    	0.50185    	0.460979   
148.002    	0.499106   	0.462641   
146.002    	0.485898   	0.455631   
144.002    	0.491882   	0.45586    
142.002    	0.485897   	0.450423   
140.002    	0.491534   	0.454992   
138.002    	0.489447   	0.456888   
136.002    	0.477674   	0.446081   
134.002    	0.46316    	0.429227   
132.002    	0.457979   	0.424622   
130.002    	0.459244   	0.425801   
128.002    	0.453879   	0.418835   
126.002    	0.450544   	0.417029   
124.002    	0.436993   	0.40345    
122.002    	0.440287   	0.40642    
120.002    	0.43583    	0.402265   
118.002    	0.426674   	0.395244   
116.002    	0.417266   	0.384828   
114.002    	0.40931    	0.377794   
112.002    	0.414423   	0.383255   
110.002    	0.409807   	0.381429   
108.002    	0.406469   	0.378675   
106.002    	0.403509   	0.371992   
104.002    	0.400121   	0.373375   
102.002    	0.387287   	0.360361   
100.002    	0.379483   	0.351864   
98.002     	0.377688   	0.348382   
96.002     	0.380519   	0.351771   
94.002     	0.373107   	0.346881   
92.002     	0.38119    	0.350619   
90.002     	0.384162   	0.354259   
88.002     	0.384592   	0.352089   
86.002     	0.386642   	0.355988   
84.002     	0.387667   	0.360408   
82.002     	0.390519   	0.36104    
80.002     	0.389269   	0.359223   
78.002     	0.388221   	0.362214   
76.002     	0.384095   	0.356552   
74.002     	0.377673   	0.348798   
72.002     	0.385048   	0.354132   
70.002     	0.380284   	0.350815   
68.002     	0.380187   	0.351202   
66.002     	0.385728   	0.358485   
64.002     	0.391483   	0.362503   
62.002     	0.39       	0.361579   
60.002     	0.386967   	0.358566   
58.002     	0.3988     	0.37133    
56.002     	0.393339   	0.364875   
54.002     	0.393997   	0.363272   
52.002     	0.399546   	0.371409   
50.002     	0.403215   	0.373939   
48.002     	0.403148   	0.375192   
46.002     	0.407751   	0.378752   
44.002     	0.407905   	0.378012   
42.002     	0.412639   	0.379547   
40.002     	0.41177    	0.38033    
38.002     	0.40705    	0.377675   
36.002     	0.407542   	0.379291   
34.002     	0.412902   	0.384561   
32.002     	0.414356   	0.386982   
30.002     	0.41458    	0.386301   
28.002     	0.411424   	0.382662   
26.002     	0.410447   	0.382853   
24.002     	0.411049   	0.383581   
22.002     	0.409378   	0.381292   
20.002     	0.411544   	0.382525   
18.002     	0.415555   	0.384964   
16.002     	0.416864   	0.388432   
14.002     	0.420159   	0.390309   
12.002     	0.420607   	0.39091    
10.002     	0.420048   	0.390708   
8.002      	0.422735   	0.393062   
6.002      	0.422324   	0.392581   
4.002      	0.423571   	0.393503   
2.002      	0.425085   	0.395112   
0.002      	0.4253     	0.395574   
