1998       	0.0343302  	0.0316538  
1996       	0.0229675  	0.0252856  
1994       	0.019687   	0.0201677  
1992       	0.0105198  	0.005501   
1990       	0.0208872  	0.0208819  
1988       	0.025372   	0.0207572  
1986       	0.0182902  	0.0161359  
1984       	0.0248062  	0.0202425  
1982       	0.0357657  	0.0357322  
1980       	0.0328782  	0.0203378  
1978       	0.0383379  	0.0414983  
1976       	0.0218059  	0.0209556  
1974       	0.00893867 	0.0124273  
1972       	0.0106297  	0.0134359  
1970       	0.0245541  	0.0214062  
1968       	0.0251274  	0.0234776  
1966       	0.0321183  	0.0290373  
1964       	0.0283602  	0.0283714  
1962       	0.0269149  	0.031786   
1960       	0.00280852 	0.010313   
1958       	0.0176331  	0.0151447  
1956       	0.00655517 	0.000540918
1954       	0.0241502  	0.0300353  
1952       	0.0223117  	0.0151646  
1950       	0.05243    	0.0519706  
1948       	0.0101357  	0.0104815  
1946       	0.0272145  	0.0269828  
1944       	0.0283555  	0.0305744  
1942       	0.00890679 	0.0142799  
1940       	0.0191151  	0.0180753  
1938       	0.0137921  	0.0237482  
1936       	0.0403526  	0.0365058  
1934       	0.0253233  	0.0250831  
1932       	0.0175891  	0.0102408  
1930       	0.0249306  	0.0217587  
1928       	0.0252464  	0.0237278  
1926       	0.019336   	0.0176231  
1924       	0.0235268  	0.0173525  
1922       	0.0267841  	0.0202628  
1920       	0.0363183  	0.0274255  
1918       	0.0109871  	0.0134907  
1916       	0.0192643  	0.0176314  
1914       	0.0174551  	0.0198835  
1912       	0.0159429  	0.0203203  
1910       	0.0149723  	0.0106149  
1908       	0.00971656 	0.0154056  
1906       	0.0208292  	0.0221361  
1904       	0.0345629  	0.017966   
1902       	0.0297207  	0.0320444  
1900       	0.0287614  	0.0355082  
1898       	0.0233909  	0.0177357  
1896       	0.015565   	0.0177785  
1894       	0.0128933  	0.0172706  
1892       	0.0293536  	0.0244924  
1890       	0.01937    	0.0153034  
1888       	0.0282122  	0.0244916  
1886       	0.0252667  	0.0274451  
1884       	0.0239505  	0.0275562  
1882       	0.0334769  	0.0299074  
1880       	0.0237769  	0.0181524  
1878       	0.0260408  	0.0245752  
1876       	0.0154717  	0.0256818  
1874       	0.0498662  	0.0366762  
1872       	0.0287283  	0.0214268  
1870       	0.0181712  	0.0156508  
1868       	0.0233286  	0.022252   
1866       	0.0344001  	0.0263426  
1864       	0.0222714  	0.0252164  
1862       	0.0405758  	0.0342168  
1860       	0.0255256  	0.0236319  
1858       	0.00950532 	0.0174201  
1856       	0.00826201 	0.0112944  
1854       	0.0178646  	0.0244093  
1852       	0.0219517  	0.0250001  
1850       	0.0224552  	0.0187257  
1848       	0.0104378  	0.00750771 
1846       	0.0467658  	0.0438209  
1844       	0.0416968  	0.0383412  
1842       	0.0227568  	0.015744   
1840       	0.0328562  	0.0273291  
1838       	0.044422   	0.0405544  
1836       	0.0165799  	0.0223777  
1834       	0.0553766  	0.051965   
1832       	0.0204901  	0.0224169  
1830       	0.0154732  	0.0120799  
1828       	0.0256446  	0.0282569  
1826       	0.0512449  	0.0499191  
1824       	0.0203477  	0.0122995  
1822       	0.021933   	0.0217821  
1820       	0.0221224  	0.0180789  
1818       	0.0354093  	0.0349213  
1816       	0.0189408  	0.0153943  
1814       	0.026842   	0.0331079  
1812       	0.0146562  	0.01687    
1810       	0.0358124  	0.0300311  
1808       	0.0372311  	0.0390714  
1806       	0.0141134  	0.0171521  
1804       	0.0121362  	0.0246405  
1802       	0.0177628  	0.0252514  
1800       	0.0322385  	0.0314455  
1798       	0.0267721  	0.0256471  
1796       	0.00858309 	0.00930086 
1794       	0.0335361  	0.0418467  
1792       	0.0121731  	0.0131901  
1790       	0.0418171  	0.0274072  
1788       	0.0184229  	0.0152048  
1786       	0.0147238  	0.0206074  
1784       	0.0336108  	0.0274711  
1782       	0.0178949  	0.0162285  
1780       	0.0101137  	0.0164405  
1778       	0.0288721  	0.0271385  
1776       	0.0594894  	0.0490507  
1774       	0.0511784  	0.0499144  
1772       	0.0298516  	0.0291797  
1770       	0.0160418  	0.0129881  
1768       	0.0233336  	0.0288758  
1766       	0.0294315  	0.02516    
1764       	0.0156032  	0.0149453  
1762       	0.0351395  	0.0261771  
1760       	0.0268778  	0.0222661  
1758       	0.022209   	0.0270279  
1756       	0.0246621  	0.0159579  
1754       	0.040937   	0.0435112  
1752       	0.0156146  	0.0210249  
1750       	0.033863   	0.037691   
1748       	0.0466415  	0.0447401  
1746       	0.0378183  	0.0349831  
1744       	0.0118283  	0.0100014  
1742       	0.0287319  	0.0336203  
1740       	0.0440789  	0.0355826  
1738       	0.0494559  	0.0584939  
1736       	0.0282834  	0.0142603  
1734       	0.0295092  	0.0260592  
1732       	0.0694837  	0.0576004  
1730       	0.0240458  	0.0243033  
1728       	0.0181466  	0.0165394  
1726       	0.0236482  	0.0215624  
1724       	0.0252728  	0.0193521  
1722       	0.0486347  	0.04065    
1720       	0.0370501  	0.0212243  
1718       	0.0399104  	0.0372049  
1716       	0.0317216  	0.0220032  
1714       	0.0153563  	0.0170041  
1712       	0.011485   	0.0142089  
1710       	0.00359305 	0.00732152 
1708       	0.0251222  	0.0223491  
1706       	0.0262056  	0.0249126  
1704       	0.0234755  	0.0204674  
1702       	0.0271634  	0.0330497  
1700       	0.0302704  	0.0275319  
1698       	0.0226043  	0.021061   
1696       	0.0404361  	0.0288993  
1694       	0.0354548  	0.0327099  
1692       	0.0645846  	0.06611    
1690       	0.0616999  	0.057269   
1688       	0.0610914  	0.0562028  
1686       	0.0591086  	0.0568363  
1684       	0.0711207  	0.0673401  
1682       	0.0158215  	0.00916704 
1680       	0.0199523  	0.0147374  
1678       	0.0248981  	0.0207164  
1676       	0.0432962  	0.0349339  
1674       	0.0339279  	0.0386393  
1672       	0.0336925  	0.0291486  
1670       	0.0270927  	0.0286792  
1668       	0.033584   	0.0330901  
1666       	0.0138315  	0.0114858  
1664       	0.0181243  	0.0267983  
1662       	0.0244268  	0.019598   
1660       	0.0748282  	0.06507    
1658       	0.0179504  	0.0204589  
1656       	0.046897   	0.0420554  
1654       	0.0479271  	0.0381867  
1652       	0.0607501  	0.0609567  
1650       	0.0651007  	0.0574741  
1648       	0.0319963  	0.0288794  
1646       	0.0160444  	0.0135031  
1644       	0.0617464  	0.05473    
1642       	0.0454607  	0.0407311  
1640       	0.0572983  	0.0542481  
1638       	0.0184857  	0.0196813  
1636       	0.0340904  	0.0407826  
1634       	0.0548263  	0.0496586  
1632       	0.0395399  	0.0360611  
1630       	0.0412574  	0.0338493  
1628       	0.0355875  	0.0327303  
1626       	0.024059   	0.026717   
1624       	0.0406457  	0.0448905  
1622       	0.064792   	0.061002   
1620       	0.0595383  	0.0487085  
1618       	0.0496181  	0.0480102  
1616       	0.0789409  	0.0806369  
1614       	0.0761802  	0.0746834  
1612       	0.0522338  	0.0493627  
1610       	0.0509755  	0.0513944  
1608       	0.0418753  	0.0331452  
1606       	0.0511451  	0.0443412  
1604       	0.0604866  	0.0525962  
1602       	0.0415533  	0.0423871  
1600       	0.0185826  	0.0188882  
1598       	0.0500178  	0.0461537  
1596       	0.0859317  	0.0809794  
1594       	0.0800539  	0.0770641  
1592       	0.0961314  	0.0940812  
1590       	0.110314   	0.100291   
1588       	0.127863   	0.111753   
1586       	0.106118   	0.103989   
1584       	0.113981   	0.109937   
1582       	0.116285   	0.108416   
1580       	0.103096   	0.095582   
1578       	0.115769   	0.101913   
1576       	0.0854573  	0.0792275  
1574       	0.105762   	0.091908   
1572       	0.0972708  	0.0867935  
1570       	0.0974618  	0.0870049  
1568       	0.0770619  	0.0703311  
1566       	0.0973066  	0.089138   
1564       	0.0681653  	0.0713554  
1562       	0.0766794  	0.0723163  
1560       	0.0547894  	0.0498462  
1558       	0.0331765  	0.0347427  
1556       	0.053748   	0.05263    
1554       	0.0666562  	0.0570283  
1552       	0.0533788  	0.0509519  
1550       	0.0362226  	0.0318427  
1548       	0.0402455  	0.0347004  
1546       	0.0543285  	0.0516776  
1544       	0.0688471  	0.0599151  
1542       	0.084029   	0.0796603  
1540       	0.0778288  	0.0834756  
1538       	0.104119   	0.096336   
1536       	0.147717   	0.138448   
1534       	0.142614   	0.129468   
1532       	0.135973   	0.121134   
1530       	0.116308   	0.101832   
1528       	0.1019     	0.096964   
1526       	0.0981118  	0.0902609  
1524       	0.109656   	0.0944115  
1522       	0.0902849  	0.0786524  
1520       	0.0892123  	0.0851441  
1518       	0.109875   	0.101656   
1516       	0.0936707  	0.0881906  
1514       	0.0872159  	0.0865436  
1512       	0.138941   	0.127625   
1510       	0.164103   	0.154713   
1508       	0.182845   	0.175937   
1506       	0.166871   	0.154084   
1504       	0.165234   	0.15473    
1502       	0.154677   	0.139586   
1500       	0.144004   	0.132426   
1498       	0.171203   	0.159796   
1496       	0.204543   	0.196144   
1494       	0.203251   	0.188591   
1492       	0.191802   	0.183839   
1490       	0.180124   	0.165902   
1488       	0.175293   	0.168025   
1486       	0.19231    	0.179257   
1484       	0.219311   	0.209752   
1482       	0.240984   	0.223967   
1480       	0.238594   	0.22327    
1478       	0.226881   	0.221105   
1476       	0.2166     	0.205261   
1474       	0.198878   	0.190898   
1472       	0.163855   	0.159386   
1470       	0.196097   	0.179433   
1468       	0.191448   	0.177371   
1466       	0.188205   	0.175337   
1464       	0.20593    	0.180616   
1462       	0.198147   	0.188648   
1460       	0.203797   	0.19159    
1458       	0.201109   	0.183804   
1456       	0.165876   	0.153999   
1454       	0.142171   	0.131078   
1452       	0.140497   	0.127501   
1450       	0.179416   	0.159258   
1448       	0.18973    	0.17435    
1446       	0.195752   	0.174092   
1444       	0.208318   	0.192846   
1442       	0.237797   	0.225669   
1440       	0.258825   	0.244275   
1438       	0.260189   	0.245264   
1436       	0.271304   	0.256178   
1434       	0.217594   	0.20688    
1432       	0.24198    	0.221805   
1430       	0.24136    	0.226728   
1428       	0.246155   	0.234017   
1426       	0.280782   	0.262367   
1424       	0.299484   	0.278284   
1422       	0.318495   	0.291404   
1420       	0.309798   	0.282571   
1418       	0.283159   	0.27038    
1416       	0.315788   	0.290885   
1414       	0.339406   	0.312104   
1412       	0.341268   	0.321704   
1410       	0.341846   	0.320837   
1408       	0.352708   	0.334607   
1406       	0.351118   	0.322188   
1404       	0.354859   	0.329808   
1402       	0.364855   	0.347584   
1400       	0.346896   	0.32409    
1398       	0.34875    	0.324542   
1396       	0.331571   	0.311032   
1394       	0.349837   	0.323015   
1392       	0.366585   	0.342732   
1390       	0.360389   	0.330622   
1388       	0.345531   	0.324717   
1386       	0.347365   	0.322712   
1384       	0.35392    	0.327765   
1382       	0.339993   	0.314625   
1380       	0.347663   	0.326567   
1378       	0.321212   	0.301543   
1376       	0.333976   	0.307923   
1374       	0.319507   	0.301914   
1372       	0.337219   	0.312725   
1370       	0.323624   	0.308452   
1368       	0.304881   	0.285954   
1366       	0.284884   	0.266366   
1364       	0.289008   	0.274897   
1362       	0.287594   	0.269465   
1360       	0.299633   	0.280421   
1358       	0.324447   	0.312869   
1356       	0.316673   	0.291609   
1354       	0.333877   	0.313393   
1352       	0.331537   	0.310153   
1350       	0.371609   	0.343799   
1348       	0.373509   	0.34966    
1346       	0.396176   	0.365639   
1344       	0.41387    	0.386448   
1342       	0.406313   	0.379518   
1340       	0.396009   	0.361118   
1338       	0.420486   	0.382553   
1336       	0.40196    	0.38518    
1334       	0.392994   	0.36258    
1332       	0.39225    	0.364321   
1330       	0.410336   	0.384352   
1328       	0.407228   	0.380099   
1326       	0.427627   	0.40204    
1324       	0.415705   	0.389178   
1322       	0.414499   	0.388337   
1320       	0.445095   	0.413981   
1318       	0.429753   	0.409109   
1316       	0.455345   	0.427289   
1314       	0.436046   	0.395281   
1312       	0.434859   	0.401287   
1310       	0.438661   	0.407845   
1308       	0.411435   	0.388302   
1306       	0.408471   	0.381643   
1304       	0.429812   	0.408404   
1302       	0.442167   	0.41049    
1300       	0.43107    	0.408319   
1298       	0.444294   	0.408653   
1296       	0.460485   	0.428175   
1294       	0.44824    	0.412372   
1292       	0.464632   	0.438155   
1290       	0.459656   	0.428587   
1288       	0.441568   	0.417441   
1286       	0.446014   	0.417564   
1284       	0.483392   	0.449257   
1282       	0.462326   	0.431869   
1280       	0.468257   	0.440686   
1278       	0.461211   	0.428161   
1276       	0.449031   	0.419092   
1274       	0.460302   	0.430302   
1272       	0.451556   	0.430867   
1270       	0.476114   	0.441269   
1268       	0.478887   	0.445325   
1266       	0.482722   	0.454679   
1264       	0.451584   	0.426905   
1262       	0.465988   	0.439879   
1260       	0.482063   	0.447134   
1258       	0.461492   	0.421041   
1256       	0.460198   	0.430208   
1254       	0.447282   	0.419364   
1252       	0.472335   	0.437952   
1250       	0.474441   	0.448854   
1248       	0.463367   	0.436153   
1246       	0.467609   	0.436077   
1244       	0.48026    	0.44901    
1242       	0.487437   	0.44991    
1240       	0.470611   	0.436907   
1238       	0.468841   	0.437305   
1236       	0.466765   	0.434528   
1234       	0.455882   	0.429798   
1232       	0.463173   	0.437929   
1230       	0.487557   	0.449672   
1228       	0.502288   	0.470347   
1226       	0.482652   	0.454199   
1224       	0.478754   	0.452569   
1222       	0.525457   	0.494584   
1220       	0.51083    	0.475318   
1218       	0.492195   	0.46104    
1216       	0.493698   	0.464968   
1214       	0.510279   	0.481047   
1212       	0.525113   	0.490422   
1210       	0.51862    	0.487572   
1208       	0.510074   	0.490282   
1206       	0.522699   	0.486857   
1204       	0.530452   	0.491392   
1202       	0.519007   	0.488717   
1200       	0.526894   	0.492175   
1198       	0.525585   	0.496386   
1196       	0.541785   	0.505789   
1194       	0.539372   	0.495948   
1192       	0.545392   	0.508364   
1190       	0.54776    	0.509416   
1188       	0.551218   	0.518034   
1186       	0.529839   	0.495844   
1184       	0.529037   	0.491643   
1182       	0.515569   	0.478848   
1180       	0.536296   	0.493184   
1178       	0.553271   	0.515048   
1176       	0.522908   	0.493039   
1174       	0.528735   	0.494619   
1172       	0.520126   	0.48995    
1170       	0.521935   	0.485586   
1168       	0.53756    	0.492655   
1166       	0.534479   	0.505316   
1164       	0.527785   	0.483035   
1162       	0.536559   	0.494241   
1160       	0.523745   	0.493414   
1158       	0.545727   	0.503223   
1156       	0.557215   	0.514364   
1154       	0.560154   	0.522257   
1152       	0.546493   	0.505324   
1150       	0.551834   	0.510529   
1148       	0.55806    	0.518074   
1146       	0.559449   	0.515847   
1144       	0.546079   	0.508506   
1142       	0.544543   	0.507557   
1140       	0.556291   	0.518777   
1138       	0.555177   	0.515567   
1136       	0.557188   	0.521414   
1134       	0.558109   	0.52154    
1132       	0.578627   	0.542089   
1130       	0.574895   	0.536619   
1128       	0.561818   	0.528013   
1126       	0.558488   	0.526272   
1124       	0.577449   	0.543378   
1122       	0.576449   	0.534536   
1120       	0.571809   	0.540038   
1118       	0.56779    	0.53289    
1116       	0.567      	0.527406   
1114       	0.568842   	0.533096   
1112       	0.582611   	0.535101   
1110       	0.586534   	0.548458   
1108       	0.593687   	0.553055   
1106       	0.590591   	0.553459   
1104       	0.595052   	0.557074   
1102       	0.597819   	0.555392   
1100       	0.589144   	0.554044   
1098       	0.594772   	0.557787   
1096       	0.598506   	0.55445    
1094       	0.592961   	0.551472   
1092       	0.595107   	0.551883   
1090       	0.610239   	0.574881   
1088       	0.601433   	0.563158   
1086       	0.607207   	0.565538   
1084       	0.612212   	0.568783   
1082       	0.605994   	0.566731   
1080       	0.609012   	0.569673   
1078       	0.614942   	0.576441   
1076       	0.618317   	0.576901   
1074       	0.621334   	0.574126   
1072       	0.621572   	0.578902   
1070       	0.607419   	0.57122    
1068       	0.616437   	0.572256   
1066       	0.610365   	0.569749   
1064       	0.594126   	0.555568   
1062       	0.595092   	0.557366   
1060       	0.58363    	0.537889   
1058       	0.581715   	0.545502   
1056       	0.572693   	0.536713   
1054       	0.577309   	0.539526   
1052       	0.58842    	0.548444   
1050       	0.583648   	0.540832   
1048       	0.587488   	0.549344   
1046       	0.582009   	0.546488   
1044       	0.601289   	0.556048   
1042       	0.623253   	0.584832   
1040       	0.6262     	0.593805   
1038       	0.62858    	0.586822   
1036       	0.628543   	0.58466    
1034       	0.624676   	0.58629    
1032       	0.623548   	0.586692   
1030       	0.625674   	0.586818   
1028       	0.619866   	0.581778   
1026       	0.63686    	0.591113   
1024       	0.640538   	0.593594   
1022       	0.648653   	0.609043   
1020       	0.641579   	0.603777   
1018       	0.645152   	0.60184    
1016       	0.639133   	0.593667   
1014       	0.630464   	0.585956   
1012       	0.633884   	0.590927   
1010       	0.638799   	0.595463   
1008       	0.636311   	0.596737   
1006       	0.627907   	0.580783   
1004       	0.62208    	0.579522   
1002       	0.622335   	0.582767   
1000       	0.633757   	0.588542   
998.002    	0.64514    	0.600436   
996.002    	0.636799   	0.595783   
994.002    	0.63374    	0.584762   
992.002    	0.638646   	0.597532   
990.002    	0.629368   	0.588596   
988.002    	0.636069   	0.594037   
986.002    	0.632473   	0.593198   
984.002    	0.636521   	0.59488    
982.002    	0.630376   	0.587802   
980.002    	0.64643    	0.601314   
978.002    	0.643964   	0.604481   
976.002    	0.644549   	0.606083   
974.002    	0.649931   	0.60481    
972.002    	0.646704   	0.603937   
970.002    	0.656438   	0.610173   
968.002    	0.650955   	0.613175   
966.002    	0.66983    	0.625238   
964.002    	0.673004   	0.627464   
962.002    	0.675094   	0.633909   
960.002    	0.663973   	0.625166   
958.002    	0.661299   	0.614111   
956.002    	0.656639   	0.615712   
954.002    	0.656628   	0.611037   
952.002    	0.66574    	0.625044   
950.002    	0.669433   	0.622523   
948.002    	0.660692   	0.61756    
946.002    	0.67212    	0.628482   
944.002    	0.649445   	0.607974   
942.002    	0.655509   	0.610915   
940.002    	0.652594   	0.61081    
938.002    	0.666381   	0.621759   
936.002    	0.659704   	0.619572   
934.002    	0.663713   	0.621956   
932.002    	0.677994   	0.633559   
930.002    	0.660539   	0.625933   
928.002    	0.672605   	0.631104   
926.002    	0.66222    	0.619035   
924.002    	0.659575   	0.616543   
922.002    	0.65444    	0.60876    
920.002    	0.65928    	0.614407   
918.002    	0.679476   	0.633596   
916.002    	0.67368    	0.62862    
914.002    	0.673125   	0.6297     
912.002    	0.677498   	0.626736   
910.002    	0.68366    	0.635654   
908.002    	0.682914   	0.642527   
906.002    	0.686655   	0.643095   
904.002    	0.677038   	0.633864   
902.002    	0.676398   	0.635038   
900.002    	0.689125   	0.641588   
898.002    	0.661958   	0.615123   
896.002    	0.674591   	0.630006   
894.002    	0.668621   	0.630761   
892.002    	0.671084   	0.629023   
890.002    	0.693927   	0.644804   
888.002    	0.687137   	0.642595   
886.002    	0.68833    	0.645956   
884.002    	0.692197   	0.651074   
882.002    	0.695637   	0.652833   
880.002    	0.696967   	0.648225   
878.002    	0.714577   	0.668748   
876.002    	0.710282   	0.667746   
874.002    	0.691454   	0.648512   
872.002    	0.706894   	0.660619   
870.002    	0.700924   	0.659927   
868.002    	0.700068   	0.653069   
866.002    	0.702976   	0.656251   
864.002    	0.715381   	0.670619   
862.002    	0.711719   	0.666056   
860.002    	0.711513   	0.668555   
858.002    	0.714494   	0.669645   
856.002    	0.719485   	0.669905   
854.002    	0.710555   	0.664875   
852.002    	0.70438    	0.661566   
850.002    	0.698269   	0.661186   
848.002    	0.702576   	0.658142   
846.002    	0.706092   	0.664279   
844.002    	0.699338   	0.65307    
842.002    	0.705871   	0.662664   
840.002    	0.691738   	0.64738    
838.002    	0.702685   	0.660119   
836.002    	0.707753   	0.663453   
834.002    	0.700858   	0.654157   
832.002    	0.708557   	0.659808   
830.002    	0.711181   	0.670279   
828.002    	0.698212   	0.653903   
826.002    	0.696969   	0.651096   
824.002    	0.695655   	0.654636   
822.002    	0.693791   	0.64882    
820.002    	0.702927   	0.659079   
818.002    	0.695884   	0.658904   
816.002    	0.704283   	0.658463   
814.002    	0.699414   	0.655513   
812.002    	0.707169   	0.661782   
810.002    	0.713515   	0.669531   
808.002    	0.719881   	0.673088   
806.002    	0.705393   	0.660517   
804.002    	0.721362   	0.671635   
802.002    	0.725153   	0.681062   
800.002    	0.721198   	0.679793   
798.002    	0.732739   	0.684267   
796.002    	0.730034   	0.683499   
794.002    	0.73271    	0.688713   
792.002    	0.740833   	0.692138   
790.002    	0.731772   	0.683515   
788.002    	0.736444   	0.697854   
786.002    	0.735128   	0.689675   
784.002    	0.737412   	0.690125   
782.002    	0.731134   	0.686236   
780.002    	0.734847   	0.686249   
778.002    	0.723199   	0.67797    
776.002    	0.734102   	0.690096   
774.002    	0.738435   	0.694053   
772.002    	0.741636   	0.693163   
770.002    	0.74495    	0.697549   
768.002    	0.734701   	0.692104   
766.002    	0.731301   	0.685766   
764.002    	0.730189   	0.680523   
762.002    	0.744798   	0.694757   
760.002    	0.74024    	0.693728   
758.002    	0.745133   	0.693411   
756.002    	0.745915   	0.702869   
754.002    	0.748818   	0.697267   
752.002    	0.751247   	0.705711   
750.002    	0.75069    	0.703407   
748.002    	0.746698   	0.699874   
746.002    	0.747418   	0.701615   
744.002    	0.750781   	0.704698   
742.002    	0.754219   	0.708976   
740.002    	0.757248   	0.710588   
738.002    	0.754329   	0.706514   
736.002    	0.754213   	0.702226   
734.002    	0.757412   	0.712027   
732.002    	0.75953    	0.711936   
730.002    	0.761917   	0.720988   
728.002    	0.764497   	0.712849   
726.002    	0.772717   	0.726167   
724.002    	0.764778   	0.718918   
722.002    	0.763865   	0.716684   
720.002    	0.762402   	0.715689   
718.002    	0.765253   	0.717922   
716.002    	0.762876   	0.714444   
714.002    	0.763525   	0.716219   
712.002    	0.760512   	0.715214   
710.002    	0.769795   	0.72398    
708.002    	0.762544   	0.716706   
706.002    	0.770213   	0.721456   
704.002    	0.771194   	0.725228   
702.002    	0.762951   	0.721466   
700.002    	0.768673   	0.724772   
698.002    	0.767818   	0.721426   
696.002    	0.772958   	0.727633   
694.002    	0.779659   	0.729569   
692.002    	0.778227   	0.729325   
690.002    	0.77816    	0.73223    
688.002    	0.781143   	0.73451    
686.002    	0.784533   	0.740169   
684.002    	0.775342   	0.727681   
682.002    	0.78211    	0.735212   
680.002    	0.78811    	0.739842   
678.002    	0.780869   	0.733935   
676.002    	0.778584   	0.729524   
674.002    	0.785352   	0.73461    
672.002    	0.781022   	0.735706   
670.002    	0.780026   	0.734061   
668.002    	0.781953   	0.734649   
666.002    	0.782351   	0.730166   
664.002    	0.784378   	0.736349   
662.002    	0.792236   	0.739508   
660.002    	0.778996   	0.735345   
658.002    	0.786784   	0.740849   
656.002    	0.779384   	0.733292   
654.002    	0.788883   	0.742817   
652.002    	0.792402   	0.742382   
650.002    	0.796991   	0.746595   
648.002    	0.796892   	0.750913   
646.002    	0.801669   	0.756677   
644.002    	0.794983   	0.747393   
642.002    	0.797295   	0.7463     
640.002    	0.795297   	0.747613   
638.002    	0.798687   	0.74633    
636.002    	0.794701   	0.746075   
634.002    	0.79348    	0.744814   
632.002    	0.802798   	0.755642   
630.002    	0.798151   	0.752054   
628.002    	0.795754   	0.746784   
626.002    	0.795871   	0.750734   
624.002    	0.795487   	0.743298   
622.002    	0.798858   	0.751773   
620.002    	0.793195   	0.74843    
618.002    	0.800616   	0.750804   
616.002    	0.801355   	0.752999   
614.002    	0.803579   	0.753498   
612.002    	0.799909   	0.751622   
610.002    	0.802808   	0.757311   
608.002    	0.797845   	0.750516   
606.002    	0.799507   	0.75493    
604.002    	0.807171   	0.761204   
602.002    	0.801286   	0.754925   
600.002    	0.803257   	0.755527   
598.002    	0.792601   	0.744476   
596.002    	0.798461   	0.747681   
594.002    	0.803463   	0.755833   
592.002    	0.798244   	0.754458   
590.002    	0.809319   	0.757843   
588.002    	0.806764   	0.756435   
586.002    	0.806085   	0.76005    
584.002    	0.810983   	0.759858   
582.002    	0.809483   	0.76449    
580.002    	0.814126   	0.764138   
578.002    	0.818769   	0.768229   
576.002    	0.823728   	0.772131   
574.002    	0.812928   	0.764072   
572.002    	0.806175   	0.75979    
570.002    	0.815342   	0.768619   
568.002    	0.81439    	0.767906   
566.002    	0.821135   	0.770516   
564.002    	0.818415   	0.768229   
562.002    	0.81403    	0.764011   
560.002    	0.809797   	0.762114   
558.002    	0.805572   	0.761873   
556.002    	0.813296   	0.764974   
554.002    	0.80835    	0.76154    
552.002    	0.819086   	0.768332   
550.002    	0.813408   	0.76332    
548.002    	0.80817    	0.762666   
546.002    	0.814291   	0.766996   
544.002    	0.809813   	0.76584    
542.002    	0.817509   	0.773268   
540.002    	0.819917   	0.775841   
538.002    	0.813071   	0.766634   
536.002    	0.821848   	0.77581    
534.002    	0.818533   	0.769554   
532.002    	0.824339   	0.77649    
530.002    	0.836009   	0.788805   
528.002    	0.832965   	0.7857     
526.002    	0.82962    	0.782555   
524.002    	0.82705    	0.780751   
522.002    	0.829823   	0.780422   
520.002    	0.8361     	0.787537   
518.002    	0.841397   	0.789231   
516.002    	0.838519   	0.786427   
514.002    	0.838554   	0.794062   
512.002    	0.841244   	0.794355   
510.002    	0.847737   	0.796517   
508.002    	0.836857   	0.790137   
506.002    	0.836987   	0.789551   
504.002    	0.843538   	0.789904   
502.002    	0.831913   	0.784771   
500.002    	0.834266   	0.788916   
498.002    	0.830996   	0.782649   
496.002    	0.825598   	0.774098   
494.002    	0.832106   	0.780591   
492.002    	0.835708   	0.786475   
490.002    	0.835804   	0.788096   
488.002    	0.824796   	0.774168   
486.002    	0.831963   	0.782261   
484.002    	0.837077   	0.789029   
482.002    	0.840138   	0.793683   
480.002    	0.841848   	0.796929   
478.002    	0.838935   	0.79118    
476.002    	0.842352   	0.788738   
474.002    	0.838241   	0.78753    
472.002    	0.845611   	0.793186   
470.002    	0.84763    	0.797962   
468.002    	0.847142   	0.796953   
466.002    	0.852723   	0.805263   
464.002    	0.853545   	0.805023   
462.002    	0.854577   	0.805784   
460.002    	0.853316   	0.805715   
458.002    	0.850391   	0.806151   
456.002    	0.858172   	0.807871   
454.002    	0.854384   	0.809753   
452.002    	0.860407   	0.814444   
450.002    	0.860794   	0.814542   
448.002    	0.859327   	0.812037   
446.002    	0.862484   	0.81674    
444.002    	0.860746   	0.811786   
442.002    	0.860549   	0.81291    
440.002    	0.861984   	0.81567    
438.002    	0.864147   	0.816596   
436.002    	0.869699   	0.818209   
434.002    	0.867877   	0.821741   
432.002    	0.871158   	0.824855   
430.002    	0.863738   	0.816386   
428.002    	0.864429   	0.819174   
426.002    	0.865857   	0.817507   
424.002    	0.872073   	0.823296   
422.002    	0.86792    	0.820632   
420.002    	0.870109   	0.823542   
418.002    	0.874381   	0.826323   
416.002    	0.869709   	0.822661   
414.002    	0.870136   	0.821257   
412.002    	0.872087   	0.822391   
410.002    	0.874205   	0.824267   
408.002    	0.872883   	0.823065   
406.002    	0.875301   	0.82738    
404.002    	0.876412   	0.828801   
402.002    	0.872388   	0.822996   
400.002    	0.877617   	0.829694   
398.002    	0.87655    	0.8284     
396.002    	0.881594   	0.83279    
394.002    	0.882718   	0.834004   
392.002    	0.876072   	0.829913   
390.002    	0.876584   	0.830141   
388.002    	0.875556   	0.827779   
386.002    	0.884312   	0.838414   
384.002    	0.882907   	0.839078   
382.002    	0.88211    	0.835466   
380.002    	0.880909   	0.833084   
378.002    	0.883796   	0.837046   
376.002    	0.883238   	0.83547    
374.002    	0.88729    	0.839446   
372.002    	0.884668   	0.83873    
370.002    	0.883883   	0.836268   
368.002    	0.887928   	0.842206   
366.002    	0.884653   	0.838735   
364.002    	0.887593   	0.84015    
362.002    	0.888522   	0.840136   
360.002    	0.887064   	0.837537   
358.002    	0.887527   	0.84294    
356.002    	0.888459   	0.844071   
354.002    	0.885737   	0.842934   
352.002    	0.883907   	0.835793   
350.002    	0.886736   	0.84376    
348.002    	0.889547   	0.843365   
346.002    	0.881167   	0.833302   
344.002    	0.875574   	0.833656   
342.002    	0.879747   	0.83394    
340.002    	0.884752   	0.840927   
338.002    	0.88653    	0.841209   
336.002    	0.887867   	0.840038   
334.002    	0.893785   	0.845913   
332.002    	0.888734   	0.843067   
330.002    	0.893633   	0.845556   
328.002    	0.89946    	0.855345   
326.002    	0.897057   	0.850765   
324.002    	0.90192    	0.855646   
322.002    	0.902214   	0.85758    
320.002    	0.904584   	0.859053   
318.002    	0.900517   	0.856145   
316.002    	0.903668   	0.861775   
314.002    	0.906817   	0.860128   
312.002    	0.899469   	0.854069   
310.002    	0.900499   	0.854703   
308.002    	0.900451   	0.852096   
306.002    	0.898565   	0.856025   
304.002    	0.898196   	0.852998   
302.002    	0.901236   	0.855303   
300.002    	0.9018     	0.85481    
298.002    	0.90093    	0.856188   
296.002    	0.90473    	0.860621   
294.002    	0.901853   	0.857324   
292.002    	0.907092   	0.863571   
290.002    	0.909089   	0.86628    
288.002    	0.909624   	0.863605   
286.002    	0.907677   	0.862562   
284.002    	0.909144   	0.864931   
282.002    	0.911404   	0.868447   
280.002    	0.907144   	0.864455   
278.002    	0.90539    	0.863301   
276.002    	0.912112   	0.867915   
274.002    	0.914237   	0.869683   
272.002    	0.912269   	0.869057   
270.002    	0.913403   	0.870445   
268.002    	0.91685    	0.87401    
266.002    	0.91655    	0.871199   
264.002    	0.917208   	0.874426   
262.002    	0.915416   	0.868542   
260.002    	0.919515   	0.872774   
258.002    	0.917091   	0.875272   
256.002    	0.91628    	0.874232   
254.002    	0.918182   	0.873908   
252.002    	0.918226   	0.876309   
250.002    	0.91731    	0.875011   
248.002    	0.918856   	0.876207   
246.002    	0.919801   	0.878373   
244.002    	0.923388   	0.881185   
242.002    	0.92761    	0.88638    
240.002    	0.927325   	0.883381   
238.002    	0.929157   	0.887031   
236.002    	0.925892   	0.885965   
234.002    	0.928995   	0.886673   
232.002    	0.929944   	0.887277   
230.002    	0.931473   	0.891214   
228.002    	0.929875   	0.886967   
226.002    	0.930871   	0.890014   
224.002    	0.931591   	0.890501   
222.002    	0.930799   	0.890692   
220.002    	0.933319   	0.892447   
218.002    	0.934809   	0.89502    
216.002    	0.934539   	0.894331   
214.002    	0.937454   	0.897769   
212.002    	0.937407   	0.899002   
210.002    	0.936178   	0.899283   
208.002    	0.935568   	0.89782    
206.002    	0.934593   	0.892535   
204.002    	0.93422    	0.894692   
202.002    	0.937852   	0.899356   
200.002    	0.93681    	0.89737    
198.002    	0.941074   	0.903643   
196.002    	0.940935   	0.904729   
194.002    	0.941343   	0.903651   
192.002    	0.942803   	0.905669   
190.002    	0.942525   	0.904751   
188.002    	0.94368    	0.907012   
186.002    	0.945331   	0.90587    
184.002    	0.941345   	0.90636    
182.002    	0.940929   	0.905981   
180.002    	0.940298   	0.905636   
178.002    	0.94401    	0.91097    
176.002    	0.945164   	0.910416   
174.002    	0.947844   	0.910947   
172.002    	0.949473   	0.912865   
170.002    	0.947177   	0.912178   
168.002    	0.948086   	0.915991   
166.002    	0.952272   	0.920483   
164.002    	0.950976   	0.916894   
162.002    	0.951846   	0.921841   
160.002    	0.95136    	0.919512   
158.002    	0.950916   	0.919066   
156.002    	0.952396   	0.919262   
154.002    	0.952774   	0.920743   
152.002    	0.952555   	0.917606   
150.002    	0.953359   	0.921376   
148.002    	0.95235    	0.919547   
146.002    	0.952265   	0.921121   
144.002    	0.953442   	0.923009   
142.002    	0.954598   	0.924933   
140.002    	0.954661   	0.923681   
138.002    	0.954172   	0.924428   
136.002    	0.956164   	0.926629   
134.002    	0.958323   	0.92915    
132.002    	0.960493   	0.929244   
130.002    	0.960384   	0.930767   
128.002    	0.960351   	0.931183   
126.002    	0.961453   	0.933331   
124.002    	0.961592   	0.934813   
122.002    	0.962134   	0.933698   
120.002    	0.962002   	0.936372   
118.002    	0.963686   	0.936385   
116.002    	0.964956   	0.937937   
114.002    	0.963561   	0.938949   
112.002    	0.963881   	0.938555   
110.002    	0.965877   	0.941259   
108.002    	0.966067   	0.94175    
106.002    	0.965471   	0.94096    
104.002    	0.96584    	0.943924   
102.002    	0.965786   	0.943239   
100.002    	0.966267   	0.944432   
98.002     	0.966474   	0.945538   
96.002     	0.967327   	0.94541    
94.002     	0.967749   	0.947445   
92.002     	0.967749   	0.947537   
90.002     	0.967136   	0.946293   
88.002     	0.968873   	0.948875   
86.002     	0.969844   	0.949719   
84.002     	0.969807   	0.950153   
82.002     	0.970959   	0.95249    
80.002     	0.972294   	0.954472   
78.002     	0.972554   	0.9553     
76.002     	0.974296   	0.956404   
74.002     	0.976079   	0.960267   
72.002     	0.977224   	0.960681   
70.002     	0.977626   	0.96232    
68.002     	0.97918    	0.961773   
66.002     	0.979694   	0.963771   
64.002     	0.980319   	0.964229   
62.002     	0.980224   	0.965117   
60.002     	0.981394   	0.966195   
58.002     	0.980889   	0.966848   
56.002     	0.981975   	0.968672   
54.002     	0.98383    	0.97126    
52.002     	0.983976   	0.970528   
50.002     	0.984465   	0.972847   
48.002     	0.984981   	0.973401   
46.002     	0.985878   	0.975884   
44.002     	0.986084   	0.975506   
42.002     	0.986737   	0.975816   
40.002     	0.987379   	0.977039   
38.002     	0.988438   	0.978942   
36.002     	0.988927   	0.980409   
34.002     	0.989455   	0.98095    
32.002     	0.990346   	0.982761   
30.002     	0.990499   	0.983291   
28.002     	0.991015   	0.984261   
26.002     	0.991676   	0.985254   
24.002     	0.992738   	0.987134   
22.002     	0.99315    	0.987648   
20.002     	0.99359    	0.988497   
18.002     	0.994387   	0.989955   
16.002     	0.995106   	0.990699   
14.002     	0.995395   	0.992149   
12.002     	0.996066   	0.99323    
10.002     	0.996607   	0.994052   
8.002      	0.997168   	0.995085   
6.002      	0.997903   	0.996297   
4.002      	0.998475   	0.997244   
2.002      	0.998986   	0.998225   
0.002      	0.999577   	0.999287   
