#----------------------------------------------------------------------------------------------------------------------------------------------------------
# Output file for vampire simulation
#   time       : 2023-03-28 05:22:20     process id : 243049
#   hostname   : compute-0-11.local
#   path       : /home/mozhu/Mn2Au/2023-03-28_17:22
#   version    : 6.0.0
#   githash    : 4c9651daecc86c3e6b6df0c8055fcd9e89fd900c
#----------------------------------------------------------------------------------------------------------------------------------------------------------
1998       	0.0240714  	0.0230159  
1996       	0.0103413  	0.00504374 
1994       	0.0143268  	0.0146743  
1992       	0.00403399 	0.00816706 
1990       	0.0141899  	0.0144114  
1988       	0.0156867  	0.0249648  
1986       	0.0116101  	0.00703033 
1984       	0.00781792 	0.00903042 
1982       	0.0129282  	0.0121377  
1980       	0.0119003  	0.0146377  
1978       	0.0305073  	0.0220184  
1976       	0.0136152  	0.00969572 
1974       	0.0126555  	0.00929713 
1972       	0.0050147  	0.0100647  
1970       	0.0203489  	0.0217373  
1968       	0.0202236  	0.0231257  
1966       	0.0147081  	0.0146471  
1964       	0.0297185  	0.0288579  
1962       	0.010569   	0.00627036 
1960       	0.00686593 	0.0131372  
1958       	0.0106602  	0.0124506  
1956       	0.0187491  	0.0210452  
1954       	0.0145076  	0.0149617  
1952       	0.0102441  	0.0177425  
1950       	0.0285029  	0.025463   
1948       	0.0154395  	0.0152029  
1946       	0.0250791  	0.0259572  
1944       	0.0234822  	0.0187368  
1942       	0.00699432 	0.0071272  
1940       	0.00810222 	0.00538269 
1938       	0.00927424 	0.00840973 
1936       	0.0192935  	0.0185624  
1934       	0.0146242  	0.0136137  
1932       	0.0165268  	0.0220029  
1930       	0.0120384  	0.0159885  
1928       	0.00954153 	0.0120786  
1926       	0.0141758  	0.0199142  
1924       	0.00687699 	0.00880624 
1922       	0.017767   	0.0181276  
1920       	0.00908588 	0.0113564  
1918       	0.00980717 	0.00790695 
1916       	0.0123662  	0.0159206  
1914       	0.0113535  	0.0162431  
1912       	0.0152747  	0.0210641  
1910       	0.0137984  	0.0156662  
1908       	0.0071089  	0.0102846  
1906       	0.0235012  	0.028744   
1904       	0.00786343 	0.0133239  
1902       	0.0249827  	0.0153055  
1900       	0.0213968  	0.0153564  
1898       	0.00300703 	0.00767228 
1896       	0.0181294  	0.0138561  
1894       	0.0127963  	0.0147535  
1892       	0.0102949  	0.0161664  
1890       	0.00143694 	0.00319214 
1888       	0.0123413  	0.00957036 
1886       	0.017142   	0.0149331  
1884       	0.018009   	0.0157338  
1882       	0.0127132  	0.0165423  
1880       	0.00636271 	0.0145823  
1878       	0.00759171 	0.00374539 
1876       	0.0214477  	0.015923   
1874       	0.00921837 	0.0152311  
1872       	0.0129193  	0.0167168  
1870       	0.0103239  	0.0112495  
1868       	0.013202   	0.019541   
1866       	0.018307   	0.0236935  
1864       	0.01733    	0.0155607  
1862       	0.0144436  	0.0209286  
1860       	0.0291335  	0.0308978  
1858       	0.0100986  	0.00209398 
1856       	0.0125318  	0.0161677  
1854       	0.0210601  	0.0121974  
1852       	0.0168344  	0.0151645  
1850       	0.0150388  	0.00631221 
1848       	0.00670356 	0.011491   
1846       	0.0221232  	0.0182641  
1844       	0.0184538  	0.0115234  
1842       	0.00560622 	0.00833466 
1840       	0.0176636  	0.0275637  
1838       	0.0142096  	0.0180743  
1836       	0.0210293  	0.00896776 
1834       	0.0125098  	0.017064   
1832       	0.00524157 	0.00505042 
1830       	0.0107856  	0.0165004  
1828       	0.0180428  	0.0175455  
1826       	0.0248204  	0.0206454  
1824       	0.00278894 	0.00701453 
1822       	0.0158117  	0.0158276  
1820       	0.0153813  	0.0112336  
1818       	0.0188469  	0.0173344  
1816       	0.0114419  	0.00519647 
1814       	0.0112616  	0.0127847  
1812       	0.0141596  	0.015909   
1810       	0.0131437  	0.00959977 
1808       	0.0165175  	0.012944   
1806       	0.00376086 	0.00433457 
1804       	0.0099128  	0.00639058 
1802       	0.0184249  	0.0181831  
1800       	0.0183984  	0.0203439  
1798       	0.0205163  	0.0182843  
1796       	0.00487383 	0.0089832  
1794       	0.0247439  	0.0162358  
1792       	0.00594632 	0.00553355 
1790       	0.00775893 	0.0197904  
1788       	0.0142001  	0.0121394  
1786       	0.0178143  	0.0184387  
1784       	0.0190454  	0.0223428  
1782       	0.0229194  	0.0231231  
1780       	0.0166125  	0.0129934  
1778       	0.0162368  	0.0167213  
1776       	0.0166182  	0.0205585  
1774       	0.018164   	0.0174627  
1772       	0.0129255  	0.0107891  
1770       	0.016188   	0.0240409  
1768       	0.0183262  	0.00925226 
1766       	0.0172091  	0.00977457 
1764       	0.0188048  	0.0211085  
1762       	0.0100442  	0.0147096  
1760       	0.0128734  	0.0122013  
1758       	0.0172411  	0.0104234  
1756       	0.00417229 	0.0100416  
1754       	0.0180468  	0.0210999  
1752       	0.0190719  	0.0153901  
1750       	0.0138894  	0.0189113  
1748       	0.0303335  	0.0256867  
1746       	0.0072989  	0.0144661  
1744       	0.0159182  	0.0207071  
1742       	0.0216669  	0.0187416  
1740       	0.0214856  	0.0220336  
1738       	0.0369603  	0.0311554  
1736       	0.00355713 	0.0137541  
1734       	0.0254948  	0.0283174  
1732       	0.0186112  	0.0282504  
1730       	0.0180054  	0.0213237  
1728       	0.00944916 	0.0185287  
1726       	0.00780561 	0.0110008  
1724       	0.0143272  	0.0156658  
1722       	0.012341   	0.0149528  
1720       	0.0156946  	0.00682057 
1718       	0.022139   	0.0203085  
1716       	0.0142042  	0.0123543  
1714       	0.0191892  	0.0276083  
1712       	0.0123972  	0.00942757 
1710       	0.0127211  	0.0163268  
1708       	0.0106683  	0.0142455  
1706       	0.0147439  	0.0115806  
1704       	0.0209404  	0.017973   
1702       	0.0206373  	0.0183789  
1700       	0.0142431  	0.0190628  
1698       	0.0128765  	0.0107984  
1696       	0.0279148  	0.0322967  
1694       	0.0174422  	0.0166287  
1692       	0.0245868  	0.0225387  
1690       	0.0131509  	0.0110934  
1688       	0.0131039  	0.0118593  
1686       	0.00728693 	0.0148588  
1684       	0.020504   	0.0250165  
1682       	0.0169912  	0.0148657  
1680       	0.0098521  	0.0102611  
1678       	0.0237215  	0.0349414  
1676       	0.0198239  	0.0238083  
1674       	0.00711373 	0.00983828 
1672       	0.0133784  	0.0178969  
1670       	0.00465862 	0.0142024  
1668       	0.0189171  	0.0186682  
1666       	0.00944585 	0.00874803 
1664       	0.018918   	0.00841037 
1662       	0.0099242  	0.0116337  
1660       	0.0132737  	0.0174518  
1658       	0.0174731  	0.0143153  
1656       	0.0135877  	0.0137988  
1654       	0.0206233  	0.0192308  
1652       	0.0171999  	0.0127343  
1650       	0.0246849  	0.0257904  
1648       	0.0247632  	0.0252632  
1646       	0.00630808 	0.0101545  
1644       	0.0175991  	0.022233   
1642       	0.0216159  	0.0199407  
1640       	0.0102076  	0.00944117 
1638       	0.0275472  	0.0337552  
1636       	0.00319744 	0.013234   
1634       	0.0253414  	0.023715   
1632       	0.00896495 	0.0193507  
1630       	0.0089891  	0.0125043  
1628       	0.0299536  	0.0265431  
1626       	0.0218885  	0.0224296  
1624       	0.0189755  	0.0161367  
1622       	0.0281729  	0.0238925  
1620       	0.0108933  	0.0159399  
1618       	0.0134411  	0.0134841  
1616       	0.0384978  	0.0385052  
1614       	0.0189828  	0.0247006  
1612       	0.0180367  	0.0185877  
1610       	0.0203619  	0.018924   
1608       	0.0136093  	0.017962   
1606       	0.010216   	0.0103666  
1604       	0.0176148  	0.0182055  
1602       	0.0227248  	0.0172589  
1600       	0.0053948  	0.0111226  
1598       	0.00605969 	0.0104218  
1596       	0.0291857  	0.0262892  
1594       	0.021739   	0.0252071  
1592       	0.0196955  	0.0248909  
1590       	0.0211604  	0.0247273  
1588       	0.0280984  	0.0328966  
1586       	0.0239157  	0.0201936  
1584       	0.0181019  	0.015669   
1582       	0.0136176  	0.0108378  
1580       	0.00552124 	0.00692438 
1578       	0.0131694  	0.0178258  
1576       	0.0308248  	0.0350829  
1574       	0.0303909  	0.0386456  
1572       	0.00576257 	0.0126517  
1570       	0.0243704  	0.0224908  
1568       	0.015941   	0.0258302  
1566       	0.0328493  	0.0383266  
1564       	0.00562908 	0.00870193 
1562       	0.0144982  	0.0164214  
1560       	0.01439    	0.018906   
1558       	0.0270746  	0.0285463  
1556       	0.0294137  	0.0250206  
1554       	0.00946268 	0.0149087  
1552       	0.0315886  	0.0332827  
1550       	0.0107322  	0.0111362  
1548       	0.0179247  	0.0244966  
1546       	0.0204212  	0.0190986  
1544       	0.0154376  	0.018869   
1542       	0.0214319  	0.0230417  
1540       	0.0115545  	0.00940751 
1538       	0.0234231  	0.0202167  
1536       	0.0270349  	0.0322076  
1534       	0.0110538  	0.0157145  
1532       	0.0286374  	0.0322931  
1530       	0.0193999  	0.0216001  
1528       	0.00971949 	0.0099629  
1526       	0.0168695  	0.0156139  
1524       	0.0228563  	0.023885   
1522       	0.0228065  	0.0209745  
1520       	0.0383363  	0.0382058  
1518       	0.0205517  	0.0167089  
1516       	0.019302   	0.0213491  
1514       	0.0226343  	0.0215088  
1512       	0.0160998  	0.0175223  
1510       	0.0301525  	0.0275405  
1508       	0.0272646  	0.0269109  
1506       	0.0235352  	0.023789   
1504       	0.0222616  	0.0168243  
1502       	0.015171   	0.0168583  
1500       	0.0219878  	0.0231274  
1498       	0.0132135  	0.00291484 
1496       	0.0202844  	0.0241789  
1494       	0.0195075  	0.017978   
1492       	0.0194387  	0.0155051  
1490       	0.00304424 	0.00397313 
1488       	0.0154006  	0.0226519  
1486       	0.0245421  	0.0225966  
1484       	0.024195   	0.0220386  
1482       	0.0180413  	0.0263064  
1480       	0.014742   	0.0212591  
1478       	0.0153378  	0.00660108 
1476       	0.0180842  	0.00541769 
1474       	0.0184058  	0.0180846  
1472       	0.0287022  	0.0392419  
1470       	0.0353817  	0.0389268  
1468       	0.0183644  	0.0143776  
1466       	0.0194896  	0.0225578  
1464       	0.019441   	0.0276773  
1462       	0.0100493  	0.00386518 
1460       	0.00894315 	0.00237175 
1458       	0.00670564 	0.0153459  
1456       	0.025947   	0.0344984  
1454       	0.0161087  	0.013687   
1452       	0.0139136  	0.0223045  
1450       	0.0174036  	0.0181316  
1448       	0.00963918 	0.0146885  
1446       	0.00909132 	0.00856122 
1444       	0.0128287  	0.0172398  
1442       	0.0174903  	0.0168705  
1440       	0.03165    	0.037019   
1438       	0.0084015  	0.00846429 
1436       	0.0301801  	0.0265418  
1434       	0.0361233  	0.0422586  
1432       	0.0164996  	0.0179612  
1430       	0.0195853  	0.0181094  
1428       	0.0132748  	0.0142598  
1426       	0.0307592  	0.0370381  
1424       	0.0371391  	0.0405858  
1422       	0.0134737  	0.0188196  
1420       	0.0218199  	0.0234178  
1418       	0.0217553  	0.0194417  
1416       	0.019147   	0.0236667  
1414       	0.045027   	0.046357   
1412       	0.0536873  	0.0500046  
1410       	0.0378108  	0.0337027  
1408       	0.0278379  	0.0247063  
1406       	0.0189208  	0.0213315  
1404       	0.0199318  	0.0243519  
1402       	0.034224   	0.0240148  
1400       	0.0132214  	0.017844   
1398       	0.021485   	0.0218384  
1396       	0.0170872  	0.00912565 
1394       	0.0273067  	0.0311234  
1392       	0.0424098  	0.0462572  
1390       	0.0218705  	0.0306234  
1388       	0.00101548 	0.00743929 
1386       	0.00796382 	0.00138114 
1384       	0.0207239  	0.0184161  
1382       	0.0114347  	0.0222642  
1380       	0.0162232  	0.0215604  
1378       	0.0217649  	0.0237818  
1376       	0.0366294  	0.0564053  
1374       	0.0253257  	0.0243397  
1372       	0.030213   	0.0352153  
1370       	0.0286979  	0.0313878  
1368       	0.0240063  	0.0233369  
1366       	0.032747   	0.0360568  
1364       	0.0159115  	0.0187305  
1362       	0.0338969  	0.0310531  
1360       	0.0166434  	0.0167153  
1358       	0.0254992  	0.0174132  
1356       	0.0142693  	0.00677695 
1354       	0.035254   	0.0322322  
1352       	0.0264658  	0.0292351  
1350       	0.0234801  	0.0193202  
1348       	0.013202   	0.0101179  
1346       	0.0143273  	0.0154418  
1344       	0.0128034  	0.0160298  
1342       	0.0204509  	0.0230087  
1340       	0.0371011  	0.0354093  
1338       	0.0164758  	0.0288463  
1336       	0.0224135  	0.019893   
1334       	0.015618   	0.00744789 
1332       	0.0221537  	0.0310642  
1330       	0.0279804  	0.0290847  
1328       	0.0342807  	0.0336945  
1326       	0.0244758  	0.0272083  
1324       	0.0183297  	0.0185264  
1322       	0.0365737  	0.0416167  
1320       	0.00847061 	0.0120121  
1318       	0.0203649  	0.0225952  
1316       	0.0175347  	0.018103   
1314       	0.0307122  	0.0341976  
1312       	0.0204934  	0.0255212  
1310       	0.0218068  	0.0276756  
1308       	0.0291955  	0.0348822  
1306       	0.0464724  	0.0485233  
1304       	0.0218822  	0.0223945  
1302       	0.0151019  	0.0114543  
1300       	0.0163571  	0.0201135  
1298       	0.00973758 	0.0124417  
1296       	0.0361771  	0.0352113  
1294       	0.0235486  	0.0215159  
1292       	0.0299787  	0.025159   
1290       	0.0410966  	0.0482077  
1288       	0.0376087  	0.0351241  
1286       	0.0467162  	0.0557165  
1284       	0.03187    	0.0347292  
1282       	0.0300678  	0.0233613  
1280       	0.02059    	0.0160183  
1278       	0.0319746  	0.0335015  
1276       	0.0394568  	0.038734   
1274       	0.0439355  	0.0455207  
1272       	0.0491979  	0.0567313  
1270       	0.0587808  	0.0566348  
1268       	0.0229909  	0.0208569  
1266       	0.033637   	0.0351047  
1264       	0.0102311  	0.0160238  
1262       	0.0336378  	0.0408874  
1260       	0.025648   	0.0274522  
1258       	0.0231862  	0.0173627  
1256       	0.0216608  	0.022234   
1254       	0.0257827  	0.0280368  
1252       	0.0151519  	0.0206393  
1250       	0.0245108  	0.0312256  
1248       	0.0289657  	0.0323601  
1246       	0.0206222  	0.0203422  
1244       	0.0525023  	0.054568   
1242       	0.0434282  	0.0499673  
1240       	0.0372502  	0.0364846  
1238       	0.032619   	0.0385585  
1236       	0.00836647 	0.0130669  
1234       	0.0175141  	0.0196325  
1232       	0.0192559  	0.0202116  
1230       	0.0331663  	0.0442617  
1228       	0.045677   	0.0486412  
1226       	0.031952   	0.0279856  
1224       	0.0340291  	0.0339281  
1222       	0.054696   	0.0525388  
1220       	0.0313317  	0.0373791  
1218       	0.00958165 	0.0173196  
1216       	0.0314366  	0.0266215  
1214       	0.0165319  	0.0118982  
1212       	0.00960579 	0.0129032  
1210       	0.0278272  	0.0307553  
1208       	0.0188666  	0.0104633  
1206       	0.0195176  	0.019807   
1204       	0.0252906  	0.0278364  
1202       	0.0586722  	0.0710211  
1200       	0.0360014  	0.0409208  
1198       	0.0429612  	0.0499828  
1196       	0.0349585  	0.0355462  
1194       	0.057253   	0.0587987  
1192       	0.01966    	0.0224116  
1190       	0.0138117  	0.0184876  
1188       	0.039426   	0.0369008  
1186       	0.0608971  	0.0645683  
1184       	0.0288333  	0.0290889  
1182       	0.031719   	0.0431591  
1180       	0.0254644  	0.0168192  
1178       	0.0166019  	0.0231902  
1176       	0.0280018  	0.0259102  
1174       	0.0375449  	0.0432446  
1172       	0.0433538  	0.0421981  
1170       	0.0272634  	0.0303624  
1168       	0.016215   	0.0147033  
1166       	0.0408039  	0.0515026  
1164       	0.0371106  	0.0416138  
1162       	0.0302426  	0.0384712  
1160       	0.032853   	0.0334606  
1158       	0.0326651  	0.0310176  
1156       	0.0243397  	0.0295676  
1154       	0.0330698  	0.0312437  
1152       	0.0229806  	0.0319846  
1150       	0.0466041  	0.045388   
1148       	0.0298357  	0.0350976  
1146       	0.0448107  	0.0487947  
1144       	0.0532812  	0.0516607  
1142       	0.0591922  	0.0649881  
1140       	0.0572539  	0.0658463  
1138       	0.0541477  	0.0618997  
1136       	0.0337725  	0.0422527  
1134       	0.0178489  	0.0230189  
1132       	0.0482586  	0.0497334  
1130       	0.027708   	0.0348371  
1128       	0.0356363  	0.0406214  
1126       	0.0510624  	0.0585419  
1124       	0.0361069  	0.0405919  
1122       	0.0344545  	0.0330278  
1120       	0.0350384  	0.0331554  
1118       	0.0546967  	0.0588985  
1116       	0.049519   	0.0503904  
1114       	0.0350904  	0.0361249  
1112       	0.025131   	0.0258647  
1110       	0.0276068  	0.0256588  
1108       	0.0549859  	0.0489675  
1106       	0.025632   	0.0249109  
1104       	0.0306228  	0.0335422  
1102       	0.0442398  	0.0476452  
1100       	0.0498678  	0.0521363  
1098       	0.0433076  	0.049359   
1096       	0.0464978  	0.051025   
1094       	0.0418925  	0.0381105  
1092       	0.0140125  	0.0124995  
1090       	0.0068477  	0.00810789 
1088       	0.032641   	0.0389879  
1086       	0.0276264  	0.0286289  
1084       	0.00553035 	0.0025955  
1082       	0.0400879  	0.0455337  
1080       	0.0677702  	0.074747   
1078       	0.0304152  	0.0361071  
1076       	0.0198324  	0.0236858  
1074       	0.0258442  	0.0321189  
1072       	0.0357925  	0.0404258  
1070       	0.0654374  	0.0674431  
1068       	0.0661083  	0.0721439  
1066       	0.0411807  	0.0406199  
1064       	0.0540364  	0.0539169  
1062       	0.0449897  	0.0500279  
1060       	0.0385898  	0.0411481  
1058       	0.032908   	0.0418473  
1056       	0.0468886  	0.0519543  
1054       	0.0581702  	0.0581805  
1052       	0.0396782  	0.0463161  
1050       	0.0588254  	0.0652871  
1048       	0.0605824  	0.0639055  
1046       	0.074035   	0.0800028  
1044       	0.0487751  	0.0497023  
1042       	0.0743543  	0.0743965  
1040       	0.0709519  	0.0786112  
1038       	0.0715526  	0.0759857  
1036       	0.0766782  	0.0825747  
1034       	0.043162   	0.0472959  
1032       	0.0496667  	0.0489095  
1030       	0.0345803  	0.0350114  
1028       	0.0389316  	0.0441144  
1026       	0.04368    	0.0497722  
1024       	0.028582   	0.0285827  
1022       	0.0378433  	0.0399645  
1020       	0.0350732  	0.0374594  
1018       	0.0288981  	0.0376636  
1016       	0.0273435  	0.038808   
1014       	0.0591627  	0.065963   
1012       	0.0723906  	0.0783395  
1010       	0.0711014  	0.0798431  
1008       	0.0813192  	0.0893692  
1006       	0.0932579  	0.103363   
1004       	0.116708   	0.126126   
1002       	0.0890779  	0.092488   
1000       	0.0839671  	0.0847175  
998.002    	0.0796533  	0.0908913  
996.002    	0.0674734  	0.0706402  
994.002    	0.0704199  	0.069682   
992.002    	0.0531309  	0.0620838  
990.002    	0.0680206  	0.0706518  
988.002    	0.0710322  	0.0763873  
986.002    	0.0782547  	0.0878474  
984.002    	0.104115   	0.109695   
982.002    	0.104904   	0.114424   
980.002    	0.0852181  	0.0981857  
978.002    	0.100083   	0.104904   
976.002    	0.0985984  	0.10478    
974.002    	0.0695618  	0.0809755  
972.002    	0.0689757  	0.0712236  
970.002    	0.10181    	0.118175   
968.002    	0.0973755  	0.111537   
966.002    	0.0891255  	0.0963712  
964.002    	0.0813036  	0.0827881  
962.002    	0.0905603  	0.0893229  
960.002    	0.097054   	0.103248   
958.002    	0.0872923  	0.0877355  
956.002    	0.0892671  	0.101086   
954.002    	0.0782447  	0.0850853  
952.002    	0.0510928  	0.0589258  
950.002    	0.0873993  	0.0913806  
948.002    	0.102429   	0.1072     
946.002    	0.101292   	0.111763   
944.002    	0.0885491  	0.0920517  
942.002    	0.0779828  	0.0827028  
940.002    	0.0738887  	0.0758982  
938.002    	0.0774286  	0.084528   
936.002    	0.0681077  	0.0776821  
934.002    	0.0973429  	0.102734   
932.002    	0.0921875  	0.0984424  
930.002    	0.103633   	0.105865   
928.002    	0.083681   	0.0905246  
926.002    	0.109071   	0.118053   
924.002    	0.0971718  	0.107824   
922.002    	0.103492   	0.114921   
920.002    	0.0918788  	0.106387   
918.002    	0.10328    	0.116893   
916.002    	0.122251   	0.13516    
914.002    	0.1108     	0.124227   
912.002    	0.139432   	0.154349   
910.002    	0.110621   	0.123811   
908.002    	0.117268   	0.120551   
906.002    	0.104881   	0.120346   
904.002    	0.0944726  	0.108819   
902.002    	0.109095   	0.119734   
900.002    	0.0860992  	0.0945227  
898.002    	0.0631199  	0.0729354  
896.002    	0.0717247  	0.0785741  
894.002    	0.065149   	0.0709569  
892.002    	0.0727809  	0.0782879  
890.002    	0.0870869  	0.0929487  
888.002    	0.111337   	0.120941   
886.002    	0.145232   	0.159657   
884.002    	0.150769   	0.160844   
882.002    	0.153491   	0.164601   
880.002    	0.167797   	0.180468   
878.002    	0.177667   	0.188903   
876.002    	0.154883   	0.165273   
874.002    	0.160429   	0.171676   
872.002    	0.155572   	0.163156   
870.002    	0.167118   	0.175599   
868.002    	0.151283   	0.164149   
866.002    	0.12587    	0.140874   
864.002    	0.136092   	0.141439   
862.002    	0.121959   	0.134563   
860.002    	0.118216   	0.120513   
858.002    	0.129576   	0.135485   
856.002    	0.12936    	0.13689    
854.002    	0.138737   	0.146719   
852.002    	0.126927   	0.136859   
850.002    	0.137709   	0.148397   
848.002    	0.141744   	0.151246   
846.002    	0.119984   	0.128633   
844.002    	0.119213   	0.129746   
842.002    	0.125758   	0.139147   
840.002    	0.101225   	0.105348   
838.002    	0.109341   	0.109108   
836.002    	0.132292   	0.13866    
834.002    	0.13524    	0.147262   
832.002    	0.13955    	0.15653    
830.002    	0.143224   	0.156932   
828.002    	0.140388   	0.151167   
826.002    	0.131905   	0.144137   
824.002    	0.124262   	0.140321   
822.002    	0.114949   	0.126914   
820.002    	0.110689   	0.11629    
818.002    	0.114405   	0.129536   
816.002    	0.124021   	0.140868   
814.002    	0.120978   	0.128654   
812.002    	0.129929   	0.14217    
810.002    	0.152572   	0.169005   
808.002    	0.153129   	0.166682   
806.002    	0.176521   	0.193386   
804.002    	0.180839   	0.194356   
802.002    	0.183985   	0.197362   
800.002    	0.175056   	0.184958   
798.002    	0.149366   	0.1627     
796.002    	0.141222   	0.152365   
794.002    	0.162477   	0.173549   
792.002    	0.155648   	0.166873   
790.002    	0.159583   	0.164697   
788.002    	0.136634   	0.154225   
786.002    	0.138726   	0.152564   
784.002    	0.144278   	0.157933   
782.002    	0.122199   	0.134194   
780.002    	0.150213   	0.162979   
778.002    	0.128145   	0.131498   
776.002    	0.118393   	0.12182    
774.002    	0.103219   	0.121774   
772.002    	0.12453    	0.130587   
770.002    	0.156164   	0.158143   
768.002    	0.161236   	0.174137   
766.002    	0.156605   	0.17277    
764.002    	0.156754   	0.172109   
762.002    	0.155288   	0.168664   
760.002    	0.185698   	0.20151    
758.002    	0.177101   	0.191492   
756.002    	0.180354   	0.194587   
754.002    	0.179785   	0.190627   
752.002    	0.155828   	0.173292   
750.002    	0.152353   	0.165563   
748.002    	0.146128   	0.158259   
746.002    	0.154638   	0.172026   
744.002    	0.165384   	0.181361   
742.002    	0.147562   	0.153467   
740.002    	0.118328   	0.129475   
738.002    	0.102279   	0.108165   
736.002    	0.121646   	0.131993   
734.002    	0.129557   	0.1431     
732.002    	0.139965   	0.150937   
730.002    	0.156283   	0.163861   
728.002    	0.16924    	0.182911   
726.002    	0.166283   	0.179896   
724.002    	0.169893   	0.181204   
722.002    	0.133665   	0.144782   
720.002    	0.110379   	0.118055   
718.002    	0.113408   	0.125124   
716.002    	0.123266   	0.135553   
714.002    	0.134301   	0.145252   
712.002    	0.136515   	0.151535   
710.002    	0.177117   	0.189922   
708.002    	0.198628   	0.21799    
706.002    	0.185488   	0.206422   
704.002    	0.168316   	0.184293   
702.002    	0.15107    	0.168391   
700.002    	0.147834   	0.158314   
698.002    	0.144914   	0.152843   
696.002    	0.140588   	0.147672   
694.002    	0.131471   	0.137053   
692.002    	0.107477   	0.111638   
690.002    	0.126888   	0.137206   
688.002    	0.132985   	0.139656   
686.002    	0.135468   	0.145621   
684.002    	0.168599   	0.178728   
682.002    	0.166258   	0.173044   
680.002    	0.160919   	0.173509   
678.002    	0.16682    	0.179986   
676.002    	0.192868   	0.207435   
674.002    	0.193482   	0.206572   
672.002    	0.18533    	0.204105   
670.002    	0.181254   	0.197318   
668.002    	0.184356   	0.195279   
666.002    	0.202708   	0.217025   
664.002    	0.23031    	0.247935   
662.002    	0.248786   	0.264435   
660.002    	0.19888    	0.215379   
658.002    	0.213397   	0.234865   
656.002    	0.210802   	0.226238   
654.002    	0.217271   	0.231986   
652.002    	0.208963   	0.224734   
650.002    	0.209181   	0.231103   
648.002    	0.22308    	0.239963   
646.002    	0.241817   	0.254399   
644.002    	0.23977    	0.248773   
642.002    	0.239496   	0.254606   
640.002    	0.212466   	0.221826   
638.002    	0.218515   	0.238847   
636.002    	0.235903   	0.248499   
634.002    	0.256922   	0.280849   
632.002    	0.246958   	0.264973   
630.002    	0.254023   	0.275207   
628.002    	0.251346   	0.276747   
626.002    	0.256079   	0.273951   
624.002    	0.264243   	0.284956   
622.002    	0.239616   	0.262965   
620.002    	0.248207   	0.261509   
618.002    	0.266585   	0.288339   
616.002    	0.294019   	0.312699   
614.002    	0.275937   	0.289914   
612.002    	0.270315   	0.289666   
610.002    	0.26689    	0.283196   
608.002    	0.276327   	0.302746   
606.002    	0.275838   	0.293398   
604.002    	0.251505   	0.268712   
602.002    	0.243055   	0.257051   
600.002    	0.248985   	0.270633   
598.002    	0.221112   	0.243455   
596.002    	0.208906   	0.225606   
594.002    	0.227645   	0.244543   
592.002    	0.242606   	0.259628   
590.002    	0.229636   	0.240466   
588.002    	0.214751   	0.228955   
586.002    	0.188885   	0.200715   
584.002    	0.205966   	0.220099   
582.002    	0.204157   	0.223037   
580.002    	0.234886   	0.25826    
578.002    	0.21905    	0.235483   
576.002    	0.200371   	0.217686   
574.002    	0.189263   	0.207733   
572.002    	0.181296   	0.197184   
570.002    	0.204647   	0.223752   
568.002    	0.231473   	0.250296   
566.002    	0.216023   	0.236066   
564.002    	0.182187   	0.195962   
562.002    	0.198628   	0.219661   
560.002    	0.200528   	0.214493   
558.002    	0.19839    	0.21255    
556.002    	0.217866   	0.234129   
554.002    	0.190264   	0.206274   
552.002    	0.195625   	0.216462   
550.002    	0.207246   	0.222919   
548.002    	0.218546   	0.231782   
546.002    	0.21913    	0.238671   
544.002    	0.225078   	0.240022   
542.002    	0.217774   	0.238112   
540.002    	0.228317   	0.248606   
538.002    	0.233278   	0.253457   
536.002    	0.23651    	0.253473   
534.002    	0.229654   	0.247625   
532.002    	0.231631   	0.24908    
530.002    	0.253251   	0.270792   
528.002    	0.26108    	0.281523   
526.002    	0.250009   	0.270448   
524.002    	0.248987   	0.273596   
522.002    	0.257722   	0.278666   
520.002    	0.278843   	0.302634   
518.002    	0.285724   	0.30703    
516.002    	0.299068   	0.315194   
514.002    	0.305034   	0.323744   
512.002    	0.311649   	0.330847   
510.002    	0.302327   	0.325203   
508.002    	0.299706   	0.318628   
506.002    	0.298982   	0.31503    
504.002    	0.289988   	0.308852   
502.002    	0.299487   	0.321169   
500.002    	0.314739   	0.331711   
498.002    	0.310155   	0.329846   
496.002    	0.285208   	0.304918   
494.002    	0.296894   	0.311849   
492.002    	0.286559   	0.307098   
490.002    	0.300403   	0.324477   
488.002    	0.307121   	0.323533   
486.002    	0.333069   	0.358953   
484.002    	0.327204   	0.344922   
482.002    	0.315686   	0.335858   
480.002    	0.32629    	0.349282   
478.002    	0.319559   	0.344879   
476.002    	0.325306   	0.339676   
474.002    	0.313217   	0.329632   
472.002    	0.320573   	0.341537   
470.002    	0.323024   	0.346681   
468.002    	0.337261   	0.364462   
466.002    	0.33113    	0.357747   
464.002    	0.335136   	0.355312   
462.002    	0.33772    	0.364456   
460.002    	0.326641   	0.351161   
458.002    	0.340088   	0.369208   
456.002    	0.344203   	0.366098   
454.002    	0.33802    	0.367319   
452.002    	0.322518   	0.346098   
450.002    	0.33111    	0.351799   
448.002    	0.341088   	0.369944   
446.002    	0.323928   	0.349716   
444.002    	0.313952   	0.341458   
442.002    	0.316498   	0.338992   
440.002    	0.334755   	0.361086   
438.002    	0.317958   	0.345719   
436.002    	0.330793   	0.352252   
434.002    	0.331545   	0.357405   
432.002    	0.319315   	0.345407   
430.002    	0.348127   	0.378952   
428.002    	0.354724   	0.380349   
426.002    	0.336007   	0.367397   
424.002    	0.321527   	0.349564   
422.002    	0.33513    	0.359896   
420.002    	0.342678   	0.372083   
418.002    	0.34746    	0.371549   
416.002    	0.332236   	0.359973   
414.002    	0.330316   	0.362462   
412.002    	0.350737   	0.381377   
410.002    	0.330083   	0.357997   
408.002    	0.331704   	0.35592    
406.002    	0.327505   	0.348688   
404.002    	0.318032   	0.339483   
402.002    	0.343261   	0.362852   
400.002    	0.339122   	0.359881   
398.002    	0.326404   	0.352283   
396.002    	0.354676   	0.379526   
394.002    	0.349731   	0.373319   
392.002    	0.37008    	0.396467   
390.002    	0.357887   	0.383063   
388.002    	0.35905    	0.386532   
386.002    	0.364494   	0.395147   
384.002    	0.358526   	0.384432   
382.002    	0.374229   	0.404645   
380.002    	0.352767   	0.382336   
378.002    	0.355058   	0.382489   
376.002    	0.351554   	0.381043   
374.002    	0.345807   	0.369692   
372.002    	0.322741   	0.34665    
370.002    	0.306042   	0.326601   
368.002    	0.29503    	0.318253   
366.002    	0.289036   	0.311813   
364.002    	0.305113   	0.32669    
362.002    	0.310294   	0.336023   
360.002    	0.313253   	0.336081   
358.002    	0.305525   	0.329709   
356.002    	0.301939   	0.322033   
354.002    	0.309201   	0.333359   
352.002    	0.284636   	0.306579   
350.002    	0.269319   	0.287538   
348.002    	0.266867   	0.287918   
346.002    	0.270838   	0.291674   
344.002    	0.273735   	0.295215   
342.002    	0.264146   	0.281148   
340.002    	0.274739   	0.292294   
338.002    	0.289784   	0.312945   
336.002    	0.289692   	0.311294   
334.002    	0.302773   	0.322163   
332.002    	0.303352   	0.325534   
330.002    	0.309483   	0.332396   
328.002    	0.314669   	0.34125    
326.002    	0.312237   	0.33248    
324.002    	0.31629    	0.340721   
322.002    	0.326122   	0.348952   
320.002    	0.32248    	0.344524   
318.002    	0.332862   	0.355242   
316.002    	0.339152   	0.364113   
314.002    	0.348314   	0.374293   
312.002    	0.343322   	0.371918   
310.002    	0.352142   	0.378703   
308.002    	0.342901   	0.368689   
306.002    	0.346945   	0.373791   
304.002    	0.329669   	0.358165   
302.002    	0.32217    	0.345592   
300.002    	0.322807   	0.346903   
298.002    	0.329163   	0.352275   
296.002    	0.32418    	0.345666   
294.002    	0.308744   	0.331686   
292.002    	0.313856   	0.336322   
290.002    	0.319934   	0.340715   
288.002    	0.314746   	0.338014   
286.002    	0.320523   	0.347882   
284.002    	0.325486   	0.348704   
282.002    	0.334602   	0.361099   
280.002    	0.342585   	0.366403   
278.002    	0.349491   	0.382059   
276.002    	0.335225   	0.35794    
274.002    	0.319848   	0.346065   
272.002    	0.322573   	0.345131   
270.002    	0.330554   	0.355666   
268.002    	0.342168   	0.367611   
266.002    	0.35622    	0.378925   
264.002    	0.352971   	0.384182   
262.002    	0.379439   	0.407643   
260.002    	0.371789   	0.399713   
258.002    	0.394909   	0.424195   
256.002    	0.391644   	0.420828   
254.002    	0.397931   	0.422499   
252.002    	0.40566    	0.435745   
250.002    	0.391895   	0.421952   
248.002    	0.402223   	0.432954   
246.002    	0.398131   	0.428916   
244.002    	0.398006   	0.431656   
242.002    	0.407929   	0.441368   
240.002    	0.379877   	0.409941   
238.002    	0.396323   	0.427888   
236.002    	0.402164   	0.430522   
234.002    	0.394241   	0.42633    
232.002    	0.39475    	0.42746    
230.002    	0.417119   	0.450252   
228.002    	0.416301   	0.455816   
226.002    	0.412115   	0.446267   
224.002    	0.423638   	0.455696   
222.002    	0.42685    	0.460825   
220.002    	0.419017   	0.453729   
218.002    	0.423625   	0.460134   
216.002    	0.429667   	0.459568   
214.002    	0.431846   	0.46782    
212.002    	0.433721   	0.469688   
210.002    	0.436867   	0.476459   
208.002    	0.438364   	0.472129   
206.002    	0.430419   	0.458879   
204.002    	0.443202   	0.477989   
202.002    	0.445257   	0.474698   
200.002    	0.448484   	0.482854   
198.002    	0.441279   	0.474797   
196.002    	0.446905   	0.480694   
194.002    	0.441849   	0.475215   
192.002    	0.437895   	0.474562   
190.002    	0.423693   	0.454878   
188.002    	0.428865   	0.459006   
186.002    	0.431752   	0.463518   
184.002    	0.42794    	0.463377   
182.002    	0.430687   	0.466037   
180.002    	0.433599   	0.468514   
178.002    	0.432897   	0.462298   
176.002    	0.426712   	0.459447   
174.002    	0.433529   	0.467149   
172.002    	0.432836   	0.465022   
170.002    	0.433624   	0.4664     
168.002    	0.438796   	0.476767   
166.002    	0.452255   	0.488306   
164.002    	0.457391   	0.490862   
162.002    	0.459018   	0.494187   
160.002    	0.44877    	0.482268   
158.002    	0.449867   	0.486699   
156.002    	0.464711   	0.496979   
154.002    	0.45875    	0.494964   
152.002    	0.454191   	0.496079   
150.002    	0.460979   	0.50185    
148.002    	0.462641   	0.499106   
146.002    	0.455631   	0.485898   
144.002    	0.45586    	0.491882   
142.002    	0.450423   	0.485897   
140.002    	0.454992   	0.491534   
138.002    	0.456888   	0.489447   
136.002    	0.446081   	0.477674   
134.002    	0.429227   	0.46316    
132.002    	0.424622   	0.457979   
130.002    	0.425801   	0.459244   
128.002    	0.418835   	0.453879   
126.002    	0.417029   	0.450544   
124.002    	0.40345    	0.436993   
122.002    	0.40642    	0.440287   
120.002    	0.402265   	0.43583    
118.002    	0.395244   	0.426674   
116.002    	0.384828   	0.417266   
114.002    	0.377794   	0.40931    
112.002    	0.383255   	0.414423   
110.002    	0.381429   	0.409807   
108.002    	0.378675   	0.406469   
106.002    	0.371992   	0.403509   
104.002    	0.373375   	0.400121   
102.002    	0.360361   	0.387287   
100.002    	0.351864   	0.379483   
98.002     	0.348382   	0.377688   
96.002     	0.351771   	0.380519   
94.002     	0.346881   	0.373107   
92.002     	0.350619   	0.38119    
90.002     	0.354259   	0.384162   
88.002     	0.352089   	0.384592   
86.002     	0.355988   	0.386642   
84.002     	0.360408   	0.387667   
82.002     	0.36104    	0.390519   
80.002     	0.359223   	0.389269   
78.002     	0.362214   	0.388221   
76.002     	0.356552   	0.384095   
74.002     	0.348798   	0.377673   
72.002     	0.354132   	0.385048   
70.002     	0.350815   	0.380284   
68.002     	0.351202   	0.380187   
66.002     	0.358485   	0.385728   
64.002     	0.362503   	0.391483   
62.002     	0.361579   	0.39       
60.002     	0.358566   	0.386967   
58.002     	0.37133    	0.3988     
56.002     	0.364875   	0.393339   
54.002     	0.363272   	0.393997   
52.002     	0.371409   	0.399546   
50.002     	0.373939   	0.403215   
48.002     	0.375192   	0.403148   
46.002     	0.378752   	0.407751   
44.002     	0.378012   	0.407905   
42.002     	0.379547   	0.412639   
40.002     	0.38033    	0.41177    
38.002     	0.377675   	0.40705    
36.002     	0.379291   	0.407542   
34.002     	0.384561   	0.412902   
32.002     	0.386982   	0.414356   
30.002     	0.386301   	0.41458    
28.002     	0.382662   	0.411424   
26.002     	0.382853   	0.410447   
24.002     	0.383581   	0.411049   
22.002     	0.381292   	0.409378   
20.002     	0.382525   	0.411544   
18.002     	0.384964   	0.415555   
16.002     	0.388432   	0.416864   
14.002     	0.390309   	0.420159   
12.002     	0.39091    	0.420607   
10.002     	0.390708   	0.420048   
8.002      	0.393062   	0.422735   
6.002      	0.392581   	0.422324   
4.002      	0.393503   	0.423571   
2.002      	0.395112   	0.425085   
0.002      	0.395574   	0.4253     
